ARG, Life tables (period 5x5), Total	Last modified: 04 ago. 2019; MPv5 (May07)

  Year          Age         mx       qx    ax      lx      dx      Lx       Tx     ex
1990-1994        0      0.02267  0.02222  0.11  100000    2222   98025  7311482  73.11
1990-1994      1-4      0.00089  0.00357  1.37   97778     349  390193  7213457  73.77
1990-1994      5-9      0.00030  0.00151  2.49   97429     148  486775  6823264  70.03
1990-1994     10-14     0.00034  0.00170  2.72   97282     165  486031  6336489  65.14
1990-1994     15-19     0.00073  0.00364  2.74   97116     354  484782  5850458  60.24
1990-1994     20-24     0.00101  0.00505  2.54   96762     489  482610  5365676  55.45
1990-1994     25-29     0.00111  0.00554  2.54   96273     533  480058  4883066  50.72
1990-1994     30-34     0.00135  0.00672  2.57   95741     643  477140  4403008  45.99
1990-1994     35-39     0.00189  0.00939  2.67   95097     893  473406  3925868  41.28
1990-1994     40-44     0.00299  0.01482  2.64   94205    1397  467726  3452462  36.65
1990-1994     45-49     0.00457  0.02259  2.65   92808    2097  459104  2984736  32.16
1990-1994     50-54     0.00705  0.03469  2.62   90711    3146  446079  2525631  27.84
1990-1994     55-59     0.01050  0.05124  2.64   87565    4487  427252  2079552  23.75
1990-1994     60-64     0.01602  0.07712  2.61   83078    6407  400061  1652301  19.89
1990-1994     65-69     0.02320  0.10993  2.63   76671    8429  363350  1252240  16.33
1990-1994     70-74     0.03488  0.16081  2.58   68242   10974  314615   888890  13.03
1990-1994     75-79     0.05610  0.24716  2.60   57268   14154  252327   574274  10.03
1990-1994     80-84     0.09063  0.36991  2.52   43114   15948  175979   321948   7.47
1990-1994     85-89     0.14955  0.53855  2.40   27165   14630   97825   145969   5.37
1990-1994     90-94     0.23181  0.70215  2.19   12535    8802   37970    48144   3.84
1990-1994     95-99     0.35030  0.84579  1.94    3734    3158    9015    10174   2.72
1990-1994    100-104    0.48856  0.92892  1.66     576     535    1095     1159   2.01
1990-1994    105-109    0.63095  0.96799  1.42      41      40      63       65   1.58
1990-1994    110+       0.73998  1.00000  1.35       1       1       2        2   1.35
1995-1999        0      0.02008  0.01973  0.10  100000    1973   98232  7346586  73.47
1995-1999      1-4      0.00082  0.00329  1.47   98027     322  391293  7248354  73.94
1995-1999      5-9      0.00028  0.00141  2.40   97705     138  488168  6857061  70.18
1995-1999     10-14     0.00033  0.00163  2.75   97568     159  487480  6368893  65.28
1995-1999     15-19     0.00078  0.00387  2.75   97409     377  486197  5881413  60.38
1995-1999     20-24     0.00108  0.00538  2.56   97032     522  483885  5395216  55.60
1995-1999     25-29     0.00129  0.00644  2.53   96510     621  481015  4911331  50.89
1995-1999     30-34     0.00148  0.00739  2.52   95889     708  477683  4430316  46.20
1995-1999     35-39     0.00190  0.00947  2.61   95180     902  473743  3952633  41.53
1995-1999     40-44     0.00281  0.01394  2.65   94279    1314  468310  3478890  36.90
1995-1999     45-49     0.00449  0.02222  2.68   92964    2065  460020  3010580  32.38
1995-1999     50-54     0.00695  0.03420  2.63   90899    3109  447114  2550560  28.06
1995-1999     55-59     0.01030  0.05027  2.62   87790    4414  428451  2103446  23.96
1995-1999     60-64     0.01537  0.07416  2.63   83377    6183  402249  1674995  20.09
1995-1999     65-69     0.02324  0.11008  2.60   77193    8498  365597  1272747  16.49
1995-1999     70-74     0.03469  0.16019  2.61   68696   11004  317226   907149  13.21
1995-1999     75-79     0.05544  0.24439  2.58   57692   14099  254306   589923  10.23
1995-1999     80-84     0.08732  0.35867  2.51   43592   15635  179054   335617   7.70
1995-1999     85-89     0.14090  0.51600  2.41   27957   14426  102386   156563   5.60
1995-1999     90-94     0.22142  0.68593  2.23   13531    9281   41917    54177   4.00
1995-1999     95-99     0.32846  0.82537  1.99    4250    3508   10679    12260   2.88
1995-1999    100-104    0.46002  0.91622  1.72     742     680    1478     1581   2.13
1995-1999    105-109    0.59953  0.96165  1.47      62      60     100      103   1.66
1995-1999    110+       0.70926  1.00000  1.41       2       2       3        3   1.41
2000-2004        0      0.01646  0.01622  0.09  100000    1622   98530  7443115  74.43
2000-2004      1-4      0.00066  0.00264  1.55   98378     260  392874  7344585  74.66
2000-2004      5-9      0.00026  0.00129  2.38   98118     127  490258  6951711  70.85
2000-2004     10-14     0.00030  0.00148  2.77   97991     145  489633  6461453  65.94
2000-2004     15-19     0.00076  0.00380  2.76   97846     372  488399  5971820  61.03
2000-2004     20-24     0.00099  0.00495  2.50   97474     482  486168  5483421  56.26
2000-2004     25-29     0.00107  0.00532  2.54   96992     516  483689  4997253  51.52
2000-2004     30-34     0.00133  0.00663  2.55   96476     640  480816  4513564  46.78
2000-2004     35-39     0.00169  0.00842  2.60   95836     807  477249  4032748  42.08
2000-2004     40-44     0.00251  0.01247  2.67   95029    1185  472385  3555500  37.41
2000-2004     45-49     0.00398  0.01970  2.68   93845    1849  464933  3083115  32.85
2000-2004     50-54     0.00649  0.03197  2.66   91996    2941  453087  2618181  28.46
2000-2004     55-59     0.00983  0.04803  2.62   89055    4277  435117  2165094  24.31
2000-2004     60-64     0.01456  0.07034  2.62   84778    5964  409693  1729978  20.41
2000-2004     65-69     0.02143  0.10195  2.62   78815    8035  374931  1320285  16.75
2000-2004     70-74     0.03340  0.15460  2.60   70780   10943  327607   945354  13.36
2000-2004     75-79     0.05193  0.23087  2.60   59837   13814  266025   617747  10.32
2000-2004     80-84     0.09018  0.36759  2.49   46023   16917  187596   351722   7.64
2000-2004     85-89     0.13938  0.51191  2.41   29105   14899  106898   164127   5.64
2000-2004     90-94     0.22040  0.68385  2.23   14206    9715   44078    57228   4.03
2000-2004     95-99     0.32318  0.81974  1.99    4491    3682   11392    13151   2.93
2000-2004    100-104    0.45051  0.91132  1.73     810     738    1638     1759   2.17
2000-2004    105-109    0.58682  0.95866  1.49      72      69     117      122   1.69
2000-2004    110+       0.69524  1.00000  1.44       3       3       4        4   1.44
2005-2009        0      0.01299  0.01284  0.08  100000    1284   98824  7532669  75.33
2005-2009      1-4      0.00056  0.00222  1.55   98716     219  394328  7433845  75.31
2005-2009      5-9      0.00025  0.00126  2.40   98497     124  492162  7039516  71.47
2005-2009     10-14     0.00031  0.00153  2.76   98373     151  491526  6547354  66.56
2005-2009     15-19     0.00075  0.00373  2.78   98222     366  490297  6055829  61.65
2005-2009     20-24     0.00096  0.00479  2.51   97855     469  488111  5565531  56.88
2005-2009     25-29     0.00100  0.00501  2.53   97386     488  485725  5077420  52.14
2005-2009     30-34     0.00116  0.00576  2.58   96898     558  483143  4591694  47.39
2005-2009     35-39     0.00158  0.00787  2.61   96340     758  479889  4108551  42.65
2005-2009     40-44     0.00228  0.01135  2.63   95582    1085  475342  3628662  37.96
2005-2009     45-49     0.00365  0.01808  2.69   94497    1709  468530  3153320  33.37
2005-2009     50-54     0.00593  0.02922  2.65   92788    2711  457564  2684790  28.93
2005-2009     55-59     0.00922  0.04514  2.65   90077    4066  440817  2227226  24.73
2005-2009     60-64     0.01408  0.06810  2.61   86011    5857  416054  1786409  20.77
2005-2009     65-69     0.02054  0.09791  2.61   80154    7848  382011  1370355  17.10
2005-2009     70-74     0.03039  0.14165  2.61   72306   10242  337023   988344  13.67
2005-2009     75-79     0.04871  0.21794  2.59   62064   13527  277690   651321  10.49
2005-2009     80-84     0.08273  0.34526  2.61   48538   16758  202567   373631   7.70
2005-2009     85-89     0.15066  0.53957  2.37   31779   17147  113813   171064   5.38
2005-2009     90-94     0.22476  0.69069  2.21   14632   10106   44966    57250   3.91
2005-2009     95-99     0.35133  0.84749  1.95    4526    3836   10918    12285   2.71
2005-2009    100-104    0.49684  0.93273  1.65     690     644    1296     1367   1.98
2005-2009    105-109    0.64607  0.97088  1.40      46      45      70       72   1.54
2005-2009    110+       0.75876  1.00000  1.32       1       1       2        2   1.32
2010-2013        0      0.01156  0.01144  0.08  100000    1144   98948  7573722  75.74
2010-2013      1-4      0.00048  0.00190  1.58   98856     188  394970  7474774  75.61
2010-2013      5-9      0.00021  0.00105  2.41   98668     103  493073  7079804  71.75
2010-2013     10-14     0.00028  0.00140  2.82   98565     138  492524  6586731  66.83
2010-2013     15-19     0.00083  0.00413  2.81   98427     406  491245  6094206  61.92
2010-2013     20-24     0.00106  0.00527  2.45   98021     517  488787  5602961  57.16
2010-2013     25-29     0.00104  0.00519  2.51   97504     507  486258  5114174  52.45
2010-2013     30-34     0.00117  0.00581  2.53   96997     564  483593  4627916  47.71
2010-2013     35-39     0.00150  0.00748  2.62   96434     721  480453  4144323  42.98
2010-2013     40-44     0.00220  0.01093  2.63   95712    1046  476079  3663870  38.28
2010-2013     45-49     0.00341  0.01692  2.68   94666    1602  469619  3187791  33.67
2010-2013     50-54     0.00546  0.02697  2.67   93064    2510  459471  2718172  29.21
2010-2013     55-59     0.00869  0.04260  2.65   90554    3857  443716  2258701  24.94
2010-2013     60-64     0.01358  0.06577  2.64   86697    5702  420016  1814985  20.93
2010-2013     65-69     0.02038  0.09716  2.61   80995    7869  386144  1394969  17.22
2010-2013     70-74     0.02982  0.13912  2.59   73125   10173  341113  1008825  13.80
2010-2013     75-79     0.04504  0.20323  2.60   62952   12794  284083   667711  10.61
2010-2013     80-84     0.07685  0.32328  2.55   50158   16215  210993   383628   7.65
2010-2013     85-89     0.14795  0.54551  2.59   33943   18516  125149   172635   5.09
2010-2013     90-94     0.30224  0.79426  2.01   15427   12253   40540    47486   3.08
2010-2013     95-99     0.44507  0.91354  1.77    3174    2899    6515     6946   2.19
2010-2013    100-104    0.63253  0.97008  1.43     274     266     421      431   1.57
2010-2013    105-109    0.79159  0.98751  1.20       8       8      10       10   1.26
2010-2013    110+       0.88722  1.00000  1.13       0       0       0        0   1.13
