ARG, Life tables (period 5x1), Total	Last modified: 04 ago. 2019; MPv5 (May07)

  Year          Age         mx       qx    ax      lx      dx      Lx       Tx     ex
  1990           0      0.02176  0.02134  0.11  100000    2134   98098  7321154  73.21
  1990         1-4      0.00087  0.00349  1.41   97866     341  390580  7223056  73.81
  1990         5-9      0.00029  0.00146  2.46   97524     142  487261  6832476  70.06
  1990        10-14     0.00031  0.00157  2.66   97382     153  486553  6345215  65.16
  1990        15-19     0.00065  0.00326  2.71   97229     317  485418  5858662  60.26
  1990        20-24     0.00094  0.00470  2.58   96912     455  483454  5373244  55.44
  1990        25-29     0.00097  0.00482  2.62   96456     465  481172  4889790  50.69
  1990        30-34     0.00123  0.00612  2.58   95991     588  478534  4408617  45.93
  1990        35-39     0.00182  0.00907  2.69   95403     866  475018  3930083  41.19
  1990        40-44     0.00284  0.01408  2.62   94538    1331  469519  3455066  36.55
  1990        45-49     0.00445  0.02200  2.62   93206    2051  461156  2985546  32.03
  1990        50-54     0.00689  0.03390  2.64   91156    3090  448486  2524390  27.69
  1990        55-59     0.01057  0.05161  2.68   88065    4545  429795  2075904  23.57
  1990        60-64     0.01573  0.07579  2.59   83520    6330  402334  1646110  19.71
  1990        65-69     0.02336  0.11068  2.63   77190    8543  365680  1243775  16.11
  1990        70-74     0.03475  0.16046  2.61   68647   11015  316929   878095  12.79
  1990        75-79     0.05834  0.25529  2.56   57632   14713  252194   561166   9.74
  1990        80-84     0.09484  0.38399  2.52   42919   16481  173775   308972   7.20
  1990        85-89     0.15913  0.56126  2.38   26439   14839   93254   135196   5.11
  1990        90-94     0.24915  0.72749  2.14   11600    8439   33869    41942   3.62
  1990        95-99     0.37662  0.86743  1.89    3161    2742    7280     8072   2.55
  1990       100-104    0.52239  0.94155  1.60     419     395     755      792   1.89
  1990       105-109    0.66696  0.97397  1.37      24      24      36       37   1.49
  1990       110+       0.77366  1.00000  1.29       1       1       1        1   1.29
  1991           0      0.02316  0.02269  0.11  100000    2269   97986  7326796  73.27
  1991         1-4      0.00096  0.00383  1.36   97731     374  389936  7228810  73.97
  1991         5-9      0.00030  0.00151  2.36   97357     147  486396  6838875  70.25
  1991        10-14     0.00032  0.00159  2.69   97210     155  485690  6352479  65.35
  1991        15-19     0.00069  0.00346  2.71   97055     336  484505  5866789  60.45
  1991        20-24     0.00091  0.00456  2.53   96719     441  482503  5382283  55.65
  1991        25-29     0.00107  0.00535  2.53   96278     515  480120  4899780  50.89
  1991        30-34     0.00129  0.00644  2.59   95763     616  477329  4419660  46.15
  1991        35-39     0.00184  0.00916  2.67   95147     871  473704  3942331  41.43
  1991        40-44     0.00295  0.01463  2.63   94275    1380  468110  3468628  36.79
  1991        45-49     0.00454  0.02246  2.64   92896    2086  459551  3000517  32.30
  1991        50-54     0.00688  0.03386  2.59   90809    3075  446644  2540966  27.98
  1991        55-59     0.01043  0.05088  2.63   87734    4464  428090  2094322  23.87
  1991        60-64     0.01572  0.07573  2.60   83271    6306  401195  1666232  20.01
  1991        65-69     0.02272  0.10776  2.61   76965    8294  365021  1265037  16.44
  1991        70-74     0.03370  0.15576  2.57   68671   10696  317371   900016  13.11
  1991        75-79     0.05544  0.24436  2.58   57975   14167  255531   582644  10.05
  1991        80-84     0.08986  0.36745  2.52   43808   16097  179142   327114   7.47
  1991        85-89     0.14946  0.53793  2.40   27711   14907   99734   147972   5.34
  1991        90-94     0.23731  0.71025  2.17   12804    9094   38323    48238   3.77
  1991        95-99     0.35784  0.85255  1.93    3710    3163    8839     9916   2.67
  1991       100-104    0.50043  0.93377  1.64     547     511    1021     1077   1.97
  1991       105-109    0.64546  0.97061  1.40      36      35      54       56   1.54
  1991       110+       0.75487  1.00000  1.32       1       1       1        1   1.32
  1992           0      0.02347  0.02300  0.11  100000    2300   97961  7275943  72.76
  1992         1-4      0.00093  0.00372  1.32   97700     364  389827  7177982  73.47
  1992         5-9      0.00032  0.00162  2.62   97337     157  486310  6788154  69.74
  1992        10-14     0.00036  0.00179  2.70   97180     174  485498  6301844  64.85
  1992        15-19     0.00075  0.00376  2.79   97006     365  484222  5816347  59.96
  1992        20-24     0.00102  0.00508  2.51   96641     491  481979  5332125  55.17
  1992        25-29     0.00117  0.00582  2.53   96150     559  479369  4850146  50.44
  1992        30-34     0.00138  0.00688  2.55   95590     658  476341  4370777  45.72
  1992        35-39     0.00197  0.00978  2.64   94932     928  472472  3894436  41.02
  1992        40-44     0.00312  0.01551  2.63   94004    1458  466559  3421963  36.40
  1992        45-49     0.00475  0.02351  2.64   92546    2175  457607  2955405  31.93
  1992        50-54     0.00741  0.03638  2.60   90371    3288  443971  2497798  27.64
  1992        55-59     0.01077  0.05253  2.64   87083    4574  424629  2053827  23.58
  1992        60-64     0.01620  0.07796  2.59   82509    6432  397056  1629198  19.75
  1992        65-69     0.02369  0.11218  2.63   76077    8534  360189  1232142  16.20
  1992        70-74     0.03520  0.16200  2.55   67543   10942  310872   871952  12.91
  1992        75-79     0.05714  0.25141  2.61   56601   14230  249032   561080   9.91
  1992        80-84     0.09219  0.37507  2.52   42371   15892  172390   312049   7.36
  1992        85-89     0.15182  0.54463  2.41   26479   14421   94987   139658   5.27
  1992        90-94     0.24287  0.72166  2.19   12058    8702   35828    44671   3.70
  1992        95-99     0.36366  0.85727  1.92    3356    2877    7912     8843   2.63
  1992       100-104    0.50682  0.93610  1.63     479     448     885      932   1.94
  1992       105-109    0.65135  0.97156  1.39      31      30      46       47   1.53
  1992       110+       0.75976  1.00000  1.32       1       1       1        1   1.32
  1993           0      0.02289  0.02243  0.11  100000    2243   98007  7285260  72.85
  1993         1-4      0.00089  0.00356  1.32   97757     348  390092  7187253  73.52
  1993         5-9      0.00032  0.00157  2.58   97409     153  486672  6797161  69.78
  1993        10-14     0.00036  0.00179  2.74   97255     174  485883  6310489  64.89
  1993        15-19     0.00076  0.00378  2.74   97081     367  484575  5824606  60.00
  1993        20-24     0.00106  0.00531  2.53   96714     513  482304  5340031  55.21
  1993        25-29     0.00110  0.00550  2.48   96201     529  479671  4857727  50.50
  1993        30-34     0.00136  0.00680  2.59   95671     650  476790  4378056  45.76
  1993        35-39     0.00187  0.00932  2.69   95021     885  473058  3901266  41.06
  1993        40-44     0.00304  0.01509  2.66   94136    1421  467359  3428208  36.42
  1993        45-49     0.00455  0.02250  2.66   92715    2086  458698  2960850  31.94
  1993        50-54     0.00717  0.03527  2.63   90629    3196  445567  2502152  27.61
  1993        55-59     0.01058  0.05160  2.64   87432    4512  426496  2056585  23.52
  1993        60-64     0.01664  0.08004  2.62   82921    6637  398777  1630089  19.66
  1993        65-69     0.02372  0.11232  2.65   76284    8568  361253  1231311  16.14
  1993        70-74     0.03632  0.16681  2.56   67715   11296  310989   870058  12.85
  1993        75-79     0.05753  0.25295  2.61   56419   14271  248053   559069   9.91
  1993        80-84     0.09262  0.37635  2.51   42148   15862  171257   311017   7.38
  1993        85-89     0.15258  0.54615  2.40   26286   14356   94089   139760   5.32
  1993        90-94     0.23290  0.70369  2.19   11930    8395   36045    45671   3.83
  1993        95-99     0.35074  0.84593  1.94    3535    2990    8526     9626   2.72
  1993       100-104    0.48714  0.92820  1.67     545     506    1038     1100   2.02
  1993       105-109    0.62785  0.96736  1.42      39      38      60       62   1.59
  1993       110+       0.73603  1.00000  1.36       1       1       2        2   1.36
  1994           0      0.02207  0.02164  0.11  100000    2164   98073  7349509  73.50
  1994         1-4      0.00081  0.00324  1.43   97836     317  390526  7251437  74.12
  1994         5-9      0.00028  0.00141  2.40   97518     138  487233  6860910  70.36
  1994        10-14     0.00035  0.00175  2.79   97380     171  486525  6373678  65.45
  1994        15-19     0.00078  0.00390  2.74   97210     379  485194  5887153  60.56
  1994        20-24     0.00111  0.00556  2.57   96831     538  482846  5401959  55.79
  1994        25-29     0.00124  0.00616  2.55   96293     594  480012  4919113  51.08
  1994        30-34     0.00147  0.00732  2.54   95699     701  476775  4439101  46.39
  1994        35-39     0.00193  0.00960  2.65   94999     912  472854  3962326  41.71
  1994        40-44     0.00297  0.01477  2.65   94087    1389  467172  3489472  37.09
  1994        45-49     0.00454  0.02248  2.66   92698    2084  458609  3022300  32.60
  1994        50-54     0.00691  0.03400  2.65   90614    3081  445837  2563691  28.29
  1994        55-59     0.01016  0.04959  2.63   87533    4341  427363  2117854  24.19
  1994        60-64     0.01577  0.07605  2.64   83192    6327  401058  1690491  20.32
  1994        65-69     0.02250  0.10677  2.61   76865    8207  364725  1289434  16.78
  1994        70-74     0.03439  0.15882  2.60   68658   10905  317092   924708  13.47
  1994        75-79     0.05217  0.23212  2.63   57754   13406  256942   607616  10.52
  1994        80-84     0.08445  0.34908  2.52   44348   15481  183312   350673   7.91
  1994        85-89     0.13682  0.50618  2.43   28867   14612  106798   167361   5.80
  1994        90-94     0.20430  0.65515  2.26   14255    9339   45714    60563   4.25
  1994        95-99     0.31177  0.80798  2.02    4916    3972   12740    14850   3.02
  1994       100-104    0.43706  0.90434  1.76     944     854    1953     2110   2.23
  1994       105-109    0.57284  0.95526  1.51      90      86     151      157   1.73
  1994       110+       0.68193  1.00000  1.47       4       4       6        6   1.47
  1995           0      0.02257  0.02213  0.11  100000    2213   98032  7305284  73.05
  1995         1-4      0.00083  0.00332  1.44   97787     324  390318  7207252  73.70
  1995         5-9      0.00027  0.00136  2.43   97463     132  486975  6816934  69.94
  1995        10-14     0.00034  0.00169  2.84   97331     164  486298  6329959  65.04
  1995        15-19     0.00077  0.00382  2.75   97166     371  484996  5843661  60.14
  1995        20-24     0.00111  0.00551  2.60   96795     534  482694  5358665  55.36
  1995        25-29     0.00134  0.00667  2.50   96261     642  479703  4875972  50.65
  1995        30-34     0.00146  0.00727  2.53   95619     695  476378  4396269  45.98
  1995        35-39     0.00196  0.00977  2.60   94924     927  472397  3919891  41.30
  1995        40-44     0.00288  0.01430  2.68   93997    1344  466867  3447494  36.68
  1995        45-49     0.00463  0.02292  2.68   92653    2124  458335  2980627  32.17
  1995        50-54     0.00705  0.03466  2.61   90529    3138  445131  2522292  27.86
  1995        55-59     0.01042  0.05082  2.61   87391    4441  426336  2077161  23.77
  1995        60-64     0.01588  0.07653  2.65   82950    6348  399862  1650825  19.90
  1995        65-69     0.02335  0.11051  2.57   76602    8465  362446  1250963  16.33
  1995        70-74     0.03592  0.16544  2.62   68137   11273  313858   888517  13.04
  1995        75-79     0.05580  0.24583  2.58   56864   13979  250510   574659  10.11
  1995        80-84     0.08965  0.36659  2.51   42886   15721  175359   324149   7.56
  1995        85-89     0.14570  0.52808  2.40   27164   14345   98453   148790   5.48
  1995        90-94     0.22674  0.69761  2.24   12819    8943   39442    50337   3.93
  1995        95-99     0.33834  0.83486  1.97    3876    3236    9565    10895   2.81
  1995       100-104    0.47271  0.92210  1.69     640     590    1249     1330   2.08
  1995       105-109    0.61344  0.96459  1.45      50      48      78       81   1.62
  1995       110+       0.72287  1.00000  1.38       2       2       2        2   1.38
  1996           0      0.02151  0.02111  0.11  100000    2111   98117  7335448  73.35
  1996         1-4      0.00087  0.00345  1.43   97889     338  390689  7237331  73.93
  1996         5-9      0.00028  0.00140  2.42   97551     137  487401  6846642  70.19
  1996        10-14     0.00033  0.00163  2.72   97414     158  486709  6359241  65.28
  1996        15-19     0.00075  0.00377  2.71   97256     366  485440  5872532  60.38
  1996        20-24     0.00109  0.00543  2.60   96889     526  483182  5387092  55.60
  1996        25-29     0.00136  0.00678  2.49   96363     653  480180  4903910  50.89
  1996        30-34     0.00157  0.00780  2.49   95710     746  476675  4423730  46.22
  1996        35-39     0.00200  0.00996  2.59   94964     946  472540  3947056  41.56
  1996        40-44     0.00285  0.01417  2.64   94018    1332  466951  3474516  36.96
  1996        45-49     0.00452  0.02238  2.68   92686    2074  458608  3007565  32.45
  1996        50-54     0.00708  0.03479  2.61   90612    3153  445534  2548957  28.13
  1996        55-59     0.01043  0.05088  2.60   87459    4450  426593  2103423  24.05
  1996        60-64     0.01555  0.07499  2.63   83009    6225  400273  1676830  20.20
  1996        65-69     0.02327  0.11015  2.59   76784    8458  363507  1276557  16.63
  1996        70-74     0.03456  0.15967  2.62   68326   10909  315705   913050  13.36
  1996        75-79     0.05399  0.23837  2.55   57417   13687  253508   597345  10.40
  1996        80-84     0.08442  0.34887  2.51   43730   15256  180713   343837   7.86
  1996        85-89     0.13667  0.50506  2.42   28474   14381  105226   163124   5.73
  1996        90-94     0.21468  0.67099  2.21   14093    9456   44048    57898   4.11
  1996        95-99     0.31583  0.81231  2.01    4637    3766   11926    13849   2.99
  1996       100-104    0.44226  0.90712  1.75     870     789    1785     1924   2.21
  1996       105-109    0.57845  0.95666  1.50      81      77     134      139   1.72
  1996       110+       0.68738  1.00000  1.45       4       4       5        5   1.45
  1997           0      0.01927  0.01895  0.10  100000    1895   98298  7367141  73.67
  1997         1-4      0.00085  0.00341  1.45   98105     335  391568  7268843  74.09
  1997         5-9      0.00028  0.00140  2.39   97771     137  488496  6877275  70.34
  1997        10-14     0.00032  0.00162  2.78   97634     158  487819  6388779  65.44
  1997        15-19     0.00076  0.00381  2.76   97476     372  486547  5900960  60.54
  1997        20-24     0.00109  0.00544  2.52   97104     528  484212  5414414  55.76
  1997        25-29     0.00132  0.00656  2.54   96576     633  481324  4930202  51.05
  1997        30-34     0.00149  0.00742  2.56   95943     712  477974  4448878  46.37
  1997        35-39     0.00191  0.00951  2.61   95231     906  473990  3970904  41.70
  1997        40-44     0.00283  0.01407  2.61   94325    1327  468448  3496913  37.07
  1997        45-49     0.00451  0.02231  2.67   92998    2075  460158  3028466  32.56
  1997        50-54     0.00699  0.03438  2.62   90923    3126  447162  2568307  28.25
  1997        55-59     0.01022  0.04990  2.61   87797    4381  428521  2121145  24.16
  1997        60-64     0.01508  0.07278  2.63   83416    6071  402710  1692624  20.29
  1997        65-69     0.02301  0.10902  2.59   77345    8432  366388  1289914  16.68
  1997        70-74     0.03418  0.15804  2.62   68913   10891  318669   923526  13.40
  1997        75-79     0.05389  0.23820  2.56   58022   13821  256448   604857  10.42
  1997        80-84     0.08488  0.35035  2.51   44201   15486  182453   348409   7.88
  1997        85-89     0.13625  0.50403  2.42   28716   14474  106227   165956   5.78
  1997        90-94     0.20930  0.66380  2.25   14242    9454   45168    59729   4.19
  1997        95-99     0.30949  0.80539  2.02    4788    3856   12460    14560   3.04
  1997       100-104    0.43315  0.90210  1.77     932     841    1941     2100   2.25
  1997       105-109    0.56757  0.95384  1.52      91      87     153      160   1.75
  1997       110+       0.67589  1.00000  1.48       4       4       6        6   1.48
  1998           0      0.01924  0.01891  0.10  100000    1891   98301  7362094  73.62
  1998         1-4      0.00085  0.00338  1.50   98109     332  391604  7263794  74.04
  1998         5-9      0.00029  0.00147  2.36   97776     144  488503  6872190  70.28
  1998        10-14     0.00032  0.00160  2.67   97633     156  487801  6383687  65.38
  1998        15-19     0.00079  0.00397  2.77   97477     387  486521  5895886  60.49
  1998        20-24     0.00106  0.00528  2.56   97090     512  484203  5409366  55.71
  1998        25-29     0.00127  0.00633  2.57   96578     611  481402  4925162  51.00
  1998        30-34     0.00147  0.00734  2.51   95967     704  478081  4443761  46.31
  1998        35-39     0.00181  0.00902  2.61   95263     860  474262  3965679  41.63
  1998        40-44     0.00270  0.01341  2.67   94403    1266  469064  3491417  36.98
  1998        45-49     0.00440  0.02179  2.67   93137    2030  460963  3022353  32.45
  1998        50-54     0.00687  0.03381  2.63   91107    3081  448249  2561390  28.11
  1998        55-59     0.01023  0.04993  2.65   88027    4396  429812  2113142  24.01
  1998        60-64     0.01502  0.07252  2.63   83631    6065  403794  1683329  20.13
  1998        65-69     0.02322  0.11004  2.63   77566    8536  367628  1279536  16.50
  1998        70-74     0.03408  0.15759  2.61   69030   10878  319178   911908  13.21
  1998        75-79     0.05590  0.24622  2.58   58152   14318  256145   592730  10.19
  1998        80-84     0.08763  0.35987  2.52   43834   15774  180020   336585   7.68
  1998        85-89     0.14127  0.51654  2.40   28059   14494  102599   156565   5.58
  1998        90-94     0.22286  0.68883  2.23   13566    9344   41929    53966   3.98
  1998        95-99     0.33270  0.82968  1.98    4221    3502   10527    12037   2.85
  1998       100-104    0.46697  0.91961  1.70     719     661    1416     1510   2.10
  1998       105-109    0.60844  0.96361  1.45      58      56      92       94   1.63
  1998       110+       0.71878  1.00000  1.39       2       2       3        3   1.39
  1999           0      0.01792  0.01763  0.10  100000    1763   98409  7362879  73.63
  1999         1-4      0.00072  0.00287  1.51   98237     282  392246  7264469  73.95
  1999         5-9      0.00028  0.00142  2.40   97955     139  489413  6872223  70.16
  1999        10-14     0.00032  0.00161  2.73   97816     157  488723  6382810  65.25
  1999        15-19     0.00080  0.00398  2.78   97659     389  487431  5894087  60.35
  1999        20-24     0.00105  0.00525  2.52   97270     511  485081  5406656  55.58
  1999        25-29     0.00119  0.00591  2.54   96759     572  482390  4921574  50.86
  1999        30-34     0.00143  0.00711  2.50   96187     684  479224  4439185  46.15
  1999        35-39     0.00183  0.00913  2.61   95503     872  475435  3959961  41.46
  1999        40-44     0.00277  0.01378  2.68   94632    1304  470129  3484526  36.82
  1999        45-49     0.00439  0.02173  2.68   93328    2028  461925  3014398  32.30
  1999        50-54     0.00679  0.03343  2.66   91300    3052  449353  2552472  27.96
  1999        55-59     0.01022  0.04989  2.64   88248    4402  430832  2103119  23.83
  1999        60-64     0.01534  0.07398  2.62   83846    6203  404455  1672287  19.94
  1999        65-69     0.02336  0.11067  2.64   77642    8593  367892  1267833  16.33
  1999        70-74     0.03480  0.16055  2.60   69049   11086  318586   899940  13.03
  1999        75-79     0.05746  0.25259  2.61   57964   14641  254805   581354  10.03
  1999        80-84     0.09007  0.36763  2.50   43323   15927  176828   326550   7.54
  1999        85-89     0.14451  0.52551  2.41   27396   14397   99628   149722   5.47
  1999        90-94     0.23217  0.70465  2.21   12999    9160   39452    50094   3.85
  1999        95-99     0.34359  0.83986  1.96    3839    3224    9385    10642   2.77
  1999       100-104    0.48065  0.92565  1.68     615     569    1184     1257   2.04
  1999       105-109    0.62293  0.96649  1.43      46      44      71       73   1.60
  1999       110+       0.73248  1.00000  1.37       2       2       2        2   1.37
  2000           0      0.01710  0.01684  0.10  100000    1684   98477  7434821  74.35
  2000         1-4      0.00069  0.00274  1.60   98316     269  392618  7336344  74.62
  2000         5-9      0.00026  0.00132  2.34   98047     129  489890  6943726  70.82
  2000        10-14     0.00030  0.00149  2.78   97918     146  489265  6453837  65.91
  2000        15-19     0.00075  0.00373  2.77   97772     365  488046  5964571  61.00
  2000        20-24     0.00103  0.00512  2.51   97407     499  485793  5476526  56.22
  2000        25-29     0.00118  0.00586  2.56   96908     568  483159  4990732  51.50
  2000        30-34     0.00139  0.00692  2.54   96341     666  480060  4507574  46.79
  2000        35-39     0.00176  0.00874  2.57   95674     837  476342  4027513  42.10
  2000        40-44     0.00264  0.01313  2.69   94838    1245  471317  3551171  37.44
  2000        45-49     0.00416  0.02062  2.69   93592    1930  463511  3079854  32.91
  2000        50-54     0.00659  0.03243  2.62   91663    2973  451233  2616343  28.54
  2000        55-59     0.00980  0.04785  2.58   88690    4244  433187  2165111  24.41
  2000        60-64     0.01445  0.06980  2.59   84446    5894  408052  1731923  20.51
  2000        65-69     0.02161  0.10274  2.62   78552    8071  373525  1323872  16.85
  2000        70-74     0.03304  0.15295  2.58   70481   10780  326271   950347  13.48
  2000        75-79     0.05299  0.23531  2.62   59701   14048  265117   624076  10.45
  2000        80-84     0.08579  0.35327  2.50   45653   16128  187999   358959   7.86
  2000        85-89     0.13441  0.49866  2.41   29525   14723  109541   170960   5.79
  2000        90-94     0.21218  0.66939  2.24   14802    9908   46698    61419   4.15
  2000        95-99     0.31332  0.80959  2.02    4894    3962   12645    14721   3.01
  2000       100-104    0.43853  0.90508  1.76     932     843    1923     2076   2.23
  2000       105-109    0.57385  0.95548  1.51      88      85     147      153   1.73
  2000       110+       0.68237  1.00000  1.47       4       4       6        6   1.47
  2001           0      0.01638  0.01614  0.09  100000    1614   98537  7432741  74.33
  2001         1-4      0.00066  0.00263  1.53   98386     258  392906  7334204  74.55
  2001         5-9      0.00028  0.00138  2.41   98128     136  490287  6941297  70.74
  2001        10-14     0.00030  0.00152  2.75   97992     149  489625  6451010  65.83
  2001        15-19     0.00082  0.00411  2.79   97843     402  488329  5961385  60.93
  2001        20-24     0.00105  0.00521  2.50   97441     508  485934  5473055  56.17
  2001        25-29     0.00112  0.00556  2.55   96933     539  483344  4987121  51.45
  2001        30-34     0.00139  0.00694  2.50   96394     669  480297  4503777  46.72
  2001        35-39     0.00178  0.00886  2.61   95725     848  476593  4023480  42.03
  2001        40-44     0.00255  0.01268  2.71   94876    1203  471630  3546887  37.38
  2001        45-49     0.00409  0.02028  2.67   93674    1900  463944  3075257  32.83
  2001        50-54     0.00655  0.03223  2.65   91774    2958  451908  2611312  28.45
  2001        55-59     0.00983  0.04802  2.62   88816    4265  433920  2159404  24.31
  2001        60-64     0.01457  0.07036  2.59   84551    5949  408433  1725484  20.41
  2001        65-69     0.02156  0.10255  2.63   78602    8061  373946  1317051  16.76
  2001        70-74     0.03356  0.15523  2.59   70542   10950  326321   943105  13.37
  2001        75-79     0.05249  0.23323  2.61   59592   13899  264799   616784  10.35
  2001        80-84     0.08845  0.36200  2.49   45693   16541  187009   351985   7.70
  2001        85-89     0.13849  0.50933  2.40   29152   14848  107216   164976   5.66
  2001        90-94     0.21920  0.68156  2.23   14304    9749   44476    57759   4.04
  2001        95-99     0.32449  0.82132  1.99    4555    3741   11529    13284   2.92
  2001       100-104    0.45433  0.91340  1.73     814     743    1636     1754   2.16
  2001       105-109    0.59284  0.96013  1.48      70      68     114      118   1.68
  2001       110+       0.70234  1.00000  1.42       3       3       4        4   1.42
  2002           0      0.01727  0.01701  0.10  100000    1701   98463  7429880  74.30
  2002         1-4      0.00069  0.00275  1.48   98299     270  392516  7331417  74.58
  2002         5-9      0.00026  0.00129  2.43   98029     126  489821  6938901  70.78
  2002        10-14     0.00030  0.00152  2.85   97903     149  489195  6449080  65.87
  2002        15-19     0.00080  0.00399  2.79   97754     390  487907  5959885  60.97
  2002        20-24     0.00104  0.00519  2.49   97364     505  485552  5471977  56.20
  2002        25-29     0.00111  0.00552  2.53   96858     535  482972  4986425  51.48
  2002        30-34     0.00138  0.00687  2.56   96324     662  480003  4503453  46.75
  2002        35-39     0.00169  0.00843  2.64   95662     806  476404  4023451  42.06
  2002        40-44     0.00255  0.01265  2.66   94856    1200  471474  3547047  37.39
  2002        45-49     0.00393  0.01946  2.69   93655    1823  464061  3075573  32.84
  2002        50-54     0.00661  0.03256  2.66   91833    2990  452152  2611512  28.44
  2002        55-59     0.00998  0.04873  2.63   88843    4329  433949  2159360  24.31
  2002        60-64     0.01482  0.07158  2.63   84514    6050  408235  1725411  20.42
  2002        65-69     0.02159  0.10268  2.62   78464    8057  373110  1317177  16.79
  2002        70-74     0.03369  0.15577  2.59   70408   10968  325593   944066  13.41
  2002        75-79     0.05147  0.22909  2.61   59440   13617  264588   618474  10.41
  2002        80-84     0.08906  0.36346  2.47   45823   16655  187017   353886   7.72
  2002        85-89     0.13666  0.50441  2.40   29168   14712  107654   166869   5.72
  2002        90-94     0.21677  0.67672  2.22   14455    9782   45126    59215   4.10
  2002        95-99     0.31275  0.80866  2.01    4673    3779   12083    14089   3.01
  2002       100-104    0.43549  0.90324  1.76     894     808    1855     2006   2.24
  2002       105-109    0.56861  0.95404  1.52      87      83     145      151   1.75
  2002       110+       0.67579  1.00000  1.48       4       4       6        6   1.48
  2003           0      0.01673  0.01648  0.09  100000    1648   98508  7427362  74.27
  2003         1-4      0.00067  0.00267  1.54   98352     263  392762  7328854  74.52
  2003         5-9      0.00025  0.00126  2.35   98090     123  490120  6936092  70.71
  2003        10-14     0.00028  0.00139  2.72   97966     137  489519  6445972  65.80
  2003        15-19     0.00074  0.00370  2.72   97829     362  488320  5956453  60.89
  2003        20-24     0.00094  0.00470  2.49   97467     458  486187  5468133  56.10
  2003        25-29     0.00102  0.00510  2.54   97009     495  483833  4981946  51.36
  2003        30-34     0.00131  0.00655  2.59   96515     632  481050  4498113  46.61
  2003        35-39     0.00166  0.00826  2.61   95883     792  477523  4017063  41.90
  2003        40-44     0.00247  0.01228  2.63   95091    1168  472691  3539539  37.22
  2003        45-49     0.00396  0.01961  2.66   93923    1842  465312  3066848  32.65
  2003        50-54     0.00651  0.03209  2.67   92082    2955  453525  2601536  28.25
  2003        55-59     0.00999  0.04880  2.65   89127    4350  435417  2148011  24.10
  2003        60-64     0.01470  0.07102  2.64   84777    6021  409684  1712594  20.20
  2003        65-69     0.02166  0.10297  2.61   78756    8109  374373  1302910  16.54
  2003        70-74     0.03415  0.15783  2.61   70647   11150  326537   928537  13.14
  2003        75-79     0.05264  0.23347  2.58   59497   13891  263869   602000  10.12
  2003        80-84     0.09467  0.38155  2.46   45606   17401  183801   338131   7.41
  2003        85-89     0.14523  0.52761  2.41   28205   14881  102468   154331   5.47
  2003        90-94     0.22990  0.70034  2.21   13324    9331   40589    51862   3.89
  2003        95-99     0.33682  0.83304  1.97    3993    3326    9875    11274   2.82
  2003       100-104    0.46766  0.91958  1.70     667     613    1311     1399   2.10
  2003       105-109    0.60553  0.96285  1.46      54      52      85       88   1.64
  2003       110+       0.71363  1.00000  1.40       2       2       3        3   1.40
  2004           0      0.01490  0.01470  0.09  100000    1470   98661  7490296  74.90
  2004         1-4      0.00060  0.00241  1.59   98530     238  393547  7391635  75.02
  2004         5-9      0.00024  0.00122  2.36   98292     120  491145  6998088  71.20
  2004        10-14     0.00029  0.00147  2.73   98172     144  490534  6506943  66.28
  2004        15-19     0.00070  0.00349  2.73   98028     342  489364  6016409  61.37
  2004        20-24     0.00091  0.00452  2.54   97686     441  487347  5527045  56.58
  2004        25-29     0.00093  0.00465  2.50   97245     452  485092  5039698  51.82
  2004        30-34     0.00119  0.00593  2.59   96793     574  482578  4554606  47.06
  2004        35-39     0.00157  0.00783  2.59   96219     753  479276  4072028  42.32
  2004        40-44     0.00234  0.01161  2.63   95465    1109  474705  3592752  37.63
  2004        45-49     0.00375  0.01858  2.68   94357    1754  467716  3118047  33.05
  2004        50-54     0.00621  0.03060  2.69   92603    2834  456464  2650332  28.62
  2004        55-59     0.00956  0.04677  2.64   89770    4198  438939  2193868  24.44
  2004        60-64     0.01427  0.06900  2.63   85571    5904  413889  1754929  20.51
  2004        65-69     0.02074  0.09883  2.61   79667    7873  379548  1341039  16.83
  2004        70-74     0.03258  0.15119  2.63   71794   10855  333198   961492  13.39
  2004        75-79     0.05028  0.22413  2.58   60939   13658  271637   628294  10.31
  2004        80-84     0.09255  0.37594  2.51   47281   17775  192062   356657   7.54
  2004        85-89     0.14200  0.51868  2.40   29506   15304  107780   164595   5.58
  2004        90-94     0.22220  0.68728  2.23   14202    9761   43928    56815   4.00
  2004        95-99     0.32666  0.82306  1.99    4441    3655   11190    12887   2.90
  2004       100-104    0.45362  0.91277  1.73     786     717    1581     1697   2.16
  2004       105-109    0.58923  0.95918  1.48      69      66     112      116   1.69
  2004       110+       0.69706  1.00000  1.43       3       3       4        4   1.43
  2005           0      0.01327  0.01311  0.09  100000    1311   98801  7523985  75.24
  2005         1-4      0.00056  0.00222  1.59   98689     219  394228  7425185  75.24
  2005         5-9      0.00026  0.00132  2.32   98470     130  492002  7030957  71.40
  2005        10-14     0.00030  0.00148  2.76   98340     145  491375  6538955  66.49
  2005        15-19     0.00069  0.00345  2.84   98195     339  490242  6047580  61.59
  2005        20-24     0.00090  0.00449  2.52   97856     439  488189  5557338  56.79
  2005        25-29     0.00093  0.00465  2.52   97417     453  485958  5069149  52.04
  2005        30-34     0.00112  0.00557  2.57   96963     541  483504  4583190  47.27
  2005        35-39     0.00150  0.00748  2.56   96423     721  480353  4099686  42.52
  2005        40-44     0.00228  0.01136  2.67   95702    1087  475982  3619334  37.82
  2005        45-49     0.00372  0.01845  2.68   94615    1746  469029  3143352  33.22
  2005        50-54     0.00604  0.02978  2.65   92869    2766  457855  2674323  28.80
  2005        55-59     0.00924  0.04520  2.64   90103    4072  440896  2216468  24.60
  2005        60-64     0.01418  0.06855  2.59   86031    5898  415946  1775572  20.64
  2005        65-69     0.02064  0.09829  2.59   80133    7876  381652  1359626  16.97
  2005        70-74     0.03157  0.14684  2.62   72257   10610  336047   977974  13.53
  2005        75-79     0.04955  0.22104  2.56   61646   13626  275022   641927  10.41
  2005        80-84     0.08944  0.36762  2.58   48020   17653  197383   366904   7.64
  2005        85-89     0.14302  0.52009  2.38   30367   15793  110430   169521   5.58
  2005        90-94     0.21645  0.67635  2.23   14574    9857   45539    59091   4.05
  2005        95-99     0.33002  0.82682  1.98    4717    3900   11817    13552   2.87
  2005       100-104    0.46162  0.91698  1.71     817     749    1623     1735   2.12
  2005       105-109    0.60148  0.96210  1.47      68      65     108      112   1.65
  2005       110+       0.71173  1.00000  1.41       3       3       4        4   1.41
  2006           0      0.01291  0.01276  0.08  100000    1276   98831  7544735  75.45
  2006         1-4      0.00057  0.00227  1.51   98724     224  394338  7445904  75.42
  2006         5-9      0.00026  0.00130  2.44   98500     128  492173  7051565  71.59
  2006        10-14     0.00032  0.00159  2.81   98372     156  491519  6559392  66.68
  2006        15-19     0.00071  0.00355  2.79   98216     349  490308  6067874  61.78
  2006        20-24     0.00092  0.00460  2.53   97867     450  488223  5577566  56.99
  2006        25-29     0.00095  0.00476  2.55   97417     464  485949  5089342  52.24
  2006        30-34     0.00113  0.00564  2.63   96953     547  483470  4603394  47.48
  2006        35-39     0.00161  0.00802  2.57   96406     773  480152  4119924  42.74
  2006        40-44     0.00225  0.01117  2.63   95633    1068  475638  3639771  38.06
  2006        45-49     0.00369  0.01828  2.71   94565    1728  468871  3164134  33.46
  2006        50-54     0.00583  0.02876  2.65   92836    2670  457903  2695262  29.03
  2006        55-59     0.00920  0.04500  2.63   90167    4057  441232  2237360  24.81
  2006        60-64     0.01403  0.06784  2.59   86109    5842  416447  1796127  20.86
  2006        65-69     0.02000  0.09540  2.58   80267    7657  382830  1379680  17.19
  2006        70-74     0.03031  0.14137  2.63   72610   10265  338679   996850  13.73
  2006        75-79     0.04863  0.21731  2.55   62345   13548  278594   658172  10.56
  2006        80-84     0.08545  0.35574  2.65   48797   17359  203138   379578   7.78
  2006        85-89     0.14141  0.51608  2.38   31438   16225  114730   176440   5.61
  2006        90-94     0.21590  0.67544  2.23   15213   10276   47595    61709   4.06
  2006        95-99     0.33156  0.82885  1.98    4938    4093   12344    14115   2.86
  2006       100-104    0.46798  0.92030  1.70     845     778    1662     1771   2.10
  2006       105-109    0.61231  0.96455  1.45      67      65     106      109   1.62
  2006       110+       0.72501  1.00000  1.38       2       2       3        3   1.38
  2007           0      0.01353  0.01337  0.09  100000    1337   98778  7485444  74.85
  2007         1-4      0.00058  0.00231  1.55   98663     228  394094  7386666  74.87
  2007         5-9      0.00024  0.00119  2.37   98435     117  491868  6992572  71.04
  2007        10-14     0.00032  0.00160  2.77   98318     158  491239  6500704  66.12
  2007        15-19     0.00075  0.00376  2.73   98160     369  489963  6009464  61.22
  2007        20-24     0.00095  0.00474  2.51   97791     464  487801  5519502  56.44
  2007        25-29     0.00101  0.00506  2.50   97327     492  485406  5031701  51.70
  2007        30-34     0.00116  0.00578  2.59   96835     560  482828  4546296  46.95
  2007        35-39     0.00161  0.00801  2.65   96275     771  479562  4063468  42.21
  2007        40-44     0.00232  0.01154  2.65   95504    1102  474932  3583906  37.53
  2007        45-49     0.00368  0.01826  2.68   94402    1724  468017  3108974  32.93
  2007        50-54     0.00603  0.02971  2.65   92678    2753  456908  2640956  28.50
  2007        55-59     0.00950  0.04648  2.65   89925    4180  439781  2184048  24.29
  2007        60-64     0.01459  0.07049  2.61   85745    6044  414269  1744267  20.34
  2007        65-69     0.02152  0.10238  2.63   79701    8160  379148  1329998  16.69
  2007        70-74     0.03156  0.14665  2.59   71541   10492  332459   950851  13.29
  2007        75-79     0.05177  0.22993  2.57   61050   14037  271165   618392  10.13
  2007        80-84     0.08852  0.36673  2.66   47013   17241  194757   347226   7.39
  2007        85-89     0.16050  0.56240  2.34   29772   16744  104323   152470   5.12
  2007        90-94     0.24097  0.71716  2.18   13028    9343   38773    48147   3.70
  2007        95-99     0.37787  0.86907  1.89    3685    3202    8475     9373   2.54
  2007       100-104    0.53038  0.94460  1.59     482     456     859      898   1.86
  2007       105-109    0.68096  0.97617  1.35      27      26      38       39   1.46
  2007       110+       0.79042  1.00000  1.27       1       1       1        1   1.27
  2008           0      0.01302  0.01287  0.08  100000    1287   98822  7546598  75.47
  2008         1-4      0.00054  0.00217  1.52   98713     215  394320  7447777  75.45
  2008         5-9      0.00025  0.00125  2.49   98498     123  492183  7053456  71.61
  2008        10-14     0.00030  0.00149  2.71   98375     147  491539  6561274  66.70
  2008        15-19     0.00079  0.00392  2.74   98228     385  490272  6069734  61.79
  2008        20-24     0.00101  0.00502  2.47   97843     491  487974  5579462  57.02
  2008        25-29     0.00105  0.00523  2.52   97352     509  485499  5091488  52.30
  2008        30-34     0.00117  0.00583  2.53   96843     564  482822  4605989  47.56
  2008        35-39     0.00155  0.00772  2.63   96279     743  479630  4123167  42.83
  2008        40-44     0.00226  0.01125  2.62   95535    1074  475123  3643537  38.14
  2008        45-49     0.00358  0.01775  2.67   94461    1677  468403  3168414  33.54
  2008        50-54     0.00590  0.02907  2.64   92784    2697  457562  2700012  29.10
  2008        55-59     0.00914  0.04474  2.65   90087    4030  440975  2242449  24.89
  2008        60-64     0.01379  0.06678  2.62   86056    5746  416612  1801474  20.93
  2008        65-69     0.02045  0.09753  2.63   80310    7833  382980  1384862  17.24
  2008        70-74     0.02946  0.13757  2.60   72477    9971  338500  1001882  13.82
  2008        75-79     0.04742  0.21294  2.61   62507   13310  280711   663382  10.61
  2008        80-84     0.07846  0.33027  2.61   49196   16248  207097   382671   7.78
  2008        85-89     0.15374  0.54494  2.33   32949   17955  116788   175574   5.33
  2008        90-94     0.22338  0.68861  2.22   14993   10325   46221    58785   3.92
  2008        95-99     0.35453  0.85063  1.94    4669    3971   11202    12565   2.69
  2008       100-104    0.50393  0.93563  1.64     697     652    1295     1363   1.95
  2008       105-109    0.65588  0.97255  1.38      45      44      67       68   1.52
  2008       110+       0.76926  1.00000  1.30       1       1       2        2   1.30
  2009           0      0.01226  0.01213  0.08  100000    1213   98887  7560478  75.60
  2009         1-4      0.00053  0.00212  1.60   98787     210  394647  7461590  75.53
  2009         5-9      0.00025  0.00125  2.39   98578     124  492566  7066943  71.69
  2009        10-14     0.00030  0.00150  2.76   98454     148  491938  6574377  66.78
  2009        15-19     0.00079  0.00396  2.83   98306     389  490686  6082440  61.87
  2009        20-24     0.00102  0.00510  2.55   97917     500  488358  5591753  57.11
  2009        25-29     0.00107  0.00535  2.54   97417     521  485803  5103396  52.39
  2009        30-34     0.00119  0.00594  2.59   96896     576  483091  4617593  47.66
  2009        35-39     0.00163  0.00812  2.64   96320     782  479757  4134501  42.92
  2009        40-44     0.00230  0.01144  2.59   95538    1093  475052  3654745  38.25
  2009        45-49     0.00357  0.01769  2.68   94445    1671  468343  3179693  33.67
  2009        50-54     0.00584  0.02879  2.65   92774    2671  457595  2711350  29.23
  2009        55-59     0.00905  0.04433  2.66   90103    3995  441185  2253756  25.01
  2009        60-64     0.01382  0.06692  2.64   86108    5763  416941  1812571  21.05
  2009        65-69     0.02012  0.09602  2.62   80346    7715  383369  1395630  17.37
  2009        70-74     0.02909  0.13593  2.59   72631    9873  339363  1012261  13.94
  2009        75-79     0.04627  0.20858  2.64   62758   13090  282921   672898  10.72
  2009        80-84     0.07475  0.31574  2.54   49668   15682  209791   389977   7.85
  2009        85-89     0.15467  0.55252  2.42   33986   18778  121408   180186   5.30
  2009        90-94     0.22717  0.69391  2.20   15208   10553   46454    58777   3.86
  2009        95-99     0.36094  0.85646  1.93    4655    3987   11046    12323   2.65
  2009       100-104    0.51568  0.94008  1.62     668     628    1218     1278   1.91
  2009       105-109    0.67093  0.97491  1.36      40      39      58       59   1.49
  2009       110+       0.78460  1.00000  1.27       1       1       1        1   1.27
  2010           0      0.01210  0.01197  0.08  100000    1197   98901  7552647  75.53
  2010         1-4      0.00050  0.00201  1.56   98803     199  394727  7453746  75.44
  2010         5-9      0.00022  0.00108  2.46   98604     106  492751  7059020  71.59
  2010        10-14     0.00029  0.00144  2.80   98498     142  492177  6566268  66.66
  2010        15-19     0.00077  0.00382  2.85   98356     376  490974  6074091  61.76
  2010        20-24     0.00102  0.00507  2.54   97980     497  488681  5583118  56.98
  2010        25-29     0.00101  0.00505  2.55   97483     492  486210  5094437  52.26
  2010        30-34     0.00116  0.00579  2.51   96991     562  483558  4608227  47.51
  2010        35-39     0.00152  0.00759  2.65   96429     732  480428  4124669  42.77
  2010        40-44     0.00221  0.01097  2.61   95697    1050  475977  3644241  38.08
  2010        45-49     0.00342  0.01699  2.70   94647    1608  469531  3168264  33.47
  2010        50-54     0.00554  0.02733  2.69   93039    2542  459324  2698733  29.01
  2010        55-59     0.00890  0.04358  2.65   90497    3944  443198  2239409  24.75
  2010        60-64     0.01380  0.06683  2.64   86553    5784  419090  1796211  20.75
  2010        65-69     0.02045  0.09741  2.58   80769    7868  384813  1377121  17.05
  2010        70-74     0.03033  0.14120  2.57   72901   10294  339443   992308  13.61
  2010        75-79     0.04725  0.21244  2.63   62607   13300  281498   652865  10.43
  2010        80-84     0.07825  0.32780  2.53   49306   16163  206554   371366   7.53
  2010        85-89     0.16395  0.58137  2.50   33144   19269  117526   164812   4.97
  2010        90-94     0.26528  0.74993  2.10   13875   10405   39224    47286   3.41
  2010        95-99     0.41706  0.89705  1.82    3470    3113    7463     8063   2.32
  2010       100-104    0.59098  0.96155  1.49     357     343     581      600   1.68
  2010       105-109    0.74881  0.98399  1.25      14      14      18       18   1.33
  2010       110+       0.85213  1.00000  1.17       0       0       0        0   1.17
  2011           0      0.01191  0.01178  0.08  100000    1178   98918  7569537  75.70
  2011         1-4      0.00047  0.00186  1.61   98822     184  394846  7470620  75.60
  2011         5-9      0.00022  0.00110  2.42   98638     109  492907  7075773  71.74
  2011        10-14     0.00029  0.00147  2.76   98529     145  492319  6582866  66.81
  2011        15-19     0.00083  0.00412  2.85   98384     405  491047  6090547  61.91
  2011        20-24     0.00102  0.00508  2.44   97978     498  488616  5599499  57.15
  2011        25-29     0.00104  0.00521  2.51   97480     508  486139  5110884  52.43
  2011        30-34     0.00113  0.00563  2.53   96973     546  483514  4624745  47.69
  2011        35-39     0.00148  0.00740  2.63   96426     713  480442  4141230  42.95
  2011        40-44     0.00222  0.01105  2.60   95713    1057  476032  3660789  38.25
  2011        45-49     0.00345  0.01710  2.67   94656    1618  469506  3184756  33.65
  2011        50-54     0.00553  0.02728  2.68   93037    2538  459294  2715250  29.18
  2011        55-59     0.00860  0.04215  2.66   90499    3814  443570  2255956  24.93
  2011        60-64     0.01348  0.06532  2.62   86685    5662  419973  1812386  20.91
  2011        65-69     0.02028  0.09669  2.59   81023    7834  386273  1392413  17.19
  2011        70-74     0.02974  0.13875  2.59   73189   10155  341442  1006140  13.75
  2011        75-79     0.04568  0.20583  2.60   63034   12974  284054   664698  10.55
  2011        80-84     0.07687  0.32295  2.53   50060   16167  210316   380644   7.60
  2011        85-89     0.15723  0.57201  2.62   33893   19387  123304   170328   5.03
  2011        90-94     0.28250  0.76928  2.04   14506   11159   39501    47024   3.24
  2011        95-99     0.43230  0.90642  1.80    3347    3034    7017     7524   2.25
  2011       100-104    0.61447  0.96666  1.45     313     303     493      506   1.62
  2011       105-109    0.77374  0.98616  1.22      10      10      13       13   1.29
  2011       110+       0.87311  1.00000  1.15       0       0       0        0   1.15
  2012           0      0.01118  0.01107  0.08  100000    1107   98981  7583684  75.84
  2012         1-4      0.00047  0.00188  1.57   98893     186  395121  7484703  75.68
  2012         5-9      0.00020  0.00099  2.38   98708      98  493281  7089581  71.82
  2012        10-14     0.00027  0.00135  2.88   98610     134  492764  6596300  66.89
  2012        15-19     0.00085  0.00424  2.76   98476     417  491444  6103536  61.98
  2012        20-24     0.00109  0.00542  2.37   98059     532  488895  5612092  57.23
  2012        25-29     0.00104  0.00520  2.49   97527     507  486364  5123197  52.53
  2012        30-34     0.00119  0.00593  2.56   97020     576  483696  4636833  47.79
  2012        35-39     0.00150  0.00750  2.60   96444     723  480487  4153137  43.06
  2012        40-44     0.00214  0.01067  2.64   95721    1021  476193  3672650  38.37
  2012        45-49     0.00340  0.01686  2.69   94700    1597  469815  3196456  33.75
  2012        50-54     0.00542  0.02677  2.66   93103    2492  459689  2726641  29.29
  2012        55-59     0.00875  0.04288  2.64   90611    3885  443889  2266953  25.02
  2012        60-64     0.01345  0.06518  2.65   86726    5652  420344  1823063  21.02
  2012        65-69     0.02040  0.09727  2.63   81074    7886  386645  1402719  17.30
  2012        70-74     0.02974  0.13876  2.59   73187   10155  341456  1016074  13.88
  2012        75-79     0.04366  0.19749  2.59   63032   12448  285143   674618  10.70
  2012        80-84     0.07615  0.32091  2.55   50584   16233  213162   389475   7.70
  2012        85-89     0.14523  0.54287  2.68   34351   18648  128401   176312   5.13
  2012        90-94     0.30570  0.79782  2.00   15703   12528   40982    47911   3.05
  2012        95-99     0.44628  0.91435  1.77    3175    2903    6505     6930   2.18
  2012       100-104    0.63580  0.97071  1.42     272     264     415      425   1.56
  2012       105-109    0.79562  0.98781  1.20       8       8      10       10   1.26
  2012       110+       0.89073  1.00000  1.12       0       0       0        0   1.12
  2013           0      0.01105  0.01094  0.08  100000    1094   98992  7584268  75.84
  2013         1-4      0.00046  0.00184  1.61   98906     182  395188  7485276  75.68
  2013         5-9      0.00020  0.00101  2.38   98724     100  493357  7090088  71.82
  2013        10-14     0.00027  0.00133  2.87   98624     131  492839  6596731  66.89
  2013        15-19     0.00087  0.00433  2.79   98492     427  491518  6103893  61.97
  2013        20-24     0.00111  0.00551  2.46   98066     540  488958  5612375  57.23
  2013        25-29     0.00107  0.00532  2.49   97525     519  486324  5123417  52.53
  2013        30-34     0.00118  0.00588  2.51   97007     570  483611  4637093  47.80
  2013        35-39     0.00149  0.00744  2.60   96436     717  480463  4153483  43.07
  2013        40-44     0.00222  0.01105  2.66   95719    1058  476116  3673020  38.37
  2013        45-49     0.00338  0.01675  2.68   94661    1586  469626  3196904  33.77
  2013        50-54     0.00537  0.02650  2.65   93075    2467  459577  2727277  29.30
  2013        55-59     0.00853  0.04181  2.66   90609    3788  444194  2267700  25.03
  2013        60-64     0.01358  0.06580  2.64   86820    5713  420633  1823507  21.00
  2013        65-69     0.02040  0.09727  2.63   81107    7889  386802  1402874  17.30
  2013        70-74     0.02951  0.13788  2.62   73218   10095  342048  1016072  13.88
  2013        75-79     0.04364  0.19743  2.59   63122   12462  285556   674024  10.68
  2013        80-84     0.07620  0.32162  2.58   50660   16293  213831   388468   7.67
  2013        85-89     0.13335  0.50411  2.58   34367   17325  129921   174637   5.08
  2013        90-94     0.36686  0.85636  1.89   17042   14594   39781    44716   2.62
  2013        95-99     0.48616  0.93312  1.70    2448    2284    4698     4935   2.02
  2013       100-104    0.68806  0.97852  1.34     164     160     233      237   1.45
  2013       105-109    0.84226  0.99064  1.14       4       3       4        4   1.19
  2013       110+       0.92391  1.00000  1.08       0       0       0        0   1.08
