ARG, Life tables (period 1x5), Total	Last modified: 04 ago. 2019; MPv5 (May07)

  Year          Age         mx       qx    ax      lx      dx      Lx       Tx     ex
1990-1994        0      0.02267  0.02222  0.11  100000    2222   98025  7311482  73.11
1990-1994        1      0.00179  0.00179  0.50   97778     175   97691  7213457  73.77
1990-1994        2      0.00086  0.00086  0.50   97603      84   97561  7115767  72.91
1990-1994        3      0.00053  0.00053  0.50   97519      52   97493  7018205  71.97
1990-1994        4      0.00039  0.00039  0.50   97467      38   97448  6920712  71.01
1990-1994        5      0.00033  0.00033  0.50   97429      32   97413  6823264  70.03
1990-1994        6      0.00030  0.00030  0.50   97397      29   97383  6725851  69.06
1990-1994        7      0.00028  0.00028  0.50   97368      28   97354  6628468  68.08
1990-1994        8      0.00027  0.00027  0.50   97340      26   97327  6531114  67.10
1990-1994        9      0.00033  0.00033  0.50   97314      32   97298  6433786  66.11
1990-1994       10      0.00030  0.00030  0.50   97282      29   97267  6336489  65.14
1990-1994       11      0.00028  0.00028  0.50   97252      27   97239  6239222  64.16
1990-1994       12      0.00031  0.00031  0.50   97225      30   97210  6141983  63.17
1990-1994       13      0.00037  0.00037  0.50   97195      36   97177  6044773  62.19
1990-1994       14      0.00045  0.00045  0.50   97160      43   97138  5947595  61.21
1990-1994       15      0.00054  0.00054  0.50   97116      52   97090  5850458  60.24
1990-1994       16      0.00066  0.00066  0.50   97064      64   97032  5753368  59.27
1990-1994       17      0.00074  0.00074  0.50   97000      72   96964  5656336  58.31
1990-1994       18      0.00080  0.00080  0.50   96928      77   96889  5559372  57.36
1990-1994       19      0.00091  0.00091  0.50   96851      88   96807  5462483  56.40
1990-1994       20      0.00097  0.00097  0.50   96762      94   96715  5365676  55.45
1990-1994       21      0.00098  0.00098  0.50   96668      94   96621  5268961  54.51
1990-1994       22      0.00101  0.00101  0.50   96574      98   96525  5172339  53.56
1990-1994       23      0.00107  0.00107  0.50   96476     103   96425  5075814  52.61
1990-1994       24      0.00104  0.00104  0.50   96373     100   96323  4979389  51.67
1990-1994       25      0.00108  0.00108  0.50   96273     104   96222  4883066  50.72
1990-1994       26      0.00109  0.00109  0.50   96170     105   96117  4786844  49.77
1990-1994       27      0.00107  0.00107  0.50   96065     103   96014  4690727  48.83
1990-1994       28      0.00114  0.00114  0.50   95962     109   95908  4594713  47.88
1990-1994       29      0.00118  0.00118  0.50   95853     113   95797  4498805  46.93
1990-1994       30      0.00133  0.00133  0.50   95741     127   95677  4403008  45.99
1990-1994       31      0.00124  0.00124  0.50   95614     118   95554  4307331  45.05
1990-1994       32      0.00129  0.00129  0.50   95495     123   95434  4211777  44.10
1990-1994       33      0.00138  0.00138  0.50   95372     132   95306  4116343  43.16
1990-1994       34      0.00150  0.00150  0.50   95240     143   95169  4021037  42.22
1990-1994       35      0.00166  0.00166  0.50   95097     157   95019  3925868  41.28
1990-1994       36      0.00161  0.00160  0.50   94940     152   94864  3830849  40.35
1990-1994       37      0.00187  0.00187  0.50   94788     177   94699  3735986  39.41
1990-1994       38      0.00204  0.00204  0.50   94610     193   94514  3641287  38.49
1990-1994       39      0.00225  0.00225  0.50   94417     212   94311  3546773  37.57
1990-1994       40      0.00265  0.00264  0.50   94205     249   94080  3452462  36.65
1990-1994       41      0.00264  0.00263  0.50   93956     247   93832  3358382  35.74
1990-1994       42      0.00300  0.00300  0.50   93708     281   93568  3264550  34.84
1990-1994       43      0.00321  0.00320  0.50   93427     299   93278  3170982  33.94
1990-1994       44      0.00345  0.00344  0.50   93128     320   92968  3077704  33.05
1990-1994       45      0.00393  0.00392  0.50   92808     364   92626  2984736  32.16
1990-1994       46      0.00416  0.00415  0.50   92444     384   92252  2892110  31.29
1990-1994       47      0.00455  0.00454  0.50   92060     417   91852  2799858  30.41
1990-1994       48      0.00487  0.00486  0.50   91643     445   91420  2708006  29.55
1990-1994       49      0.00535  0.00533  0.50   91198     486   90954  2616586  28.69
1990-1994       50      0.00628  0.00626  0.50   90711     568   90427  2525631  27.84
1990-1994       51      0.00637  0.00635  0.50   90144     572   89858  2435204  27.01
1990-1994       52      0.00703  0.00701  0.50   89571     628   89258  2345347  26.18
1990-1994       53      0.00746  0.00744  0.50   88944     661   88613  2256089  25.37
1990-1994       54      0.00816  0.00812  0.50   88282     717   87924  2167476  24.55
1990-1994       55      0.00902  0.00898  0.50   87565     786   87172  2079552  23.75
1990-1994       56      0.00942  0.00938  0.50   86779     814   86372  1992381  22.96
1990-1994       57      0.01034  0.01028  0.50   85965     884   85523  1906009  22.17
1990-1994       58      0.01154  0.01147  0.50   85081     976   84593  1820486  21.40
1990-1994       59      0.01229  0.01221  0.50   84105    1027   83592  1735892  20.64
1990-1994       60      0.01407  0.01397  0.50   83078    1160   82498  1652301  19.89
1990-1994       61      0.01468  0.01457  0.50   81918    1193   81321  1569803  19.16
1990-1994       62      0.01602  0.01590  0.50   80724    1283   80083  1488482  18.44
1990-1994       63      0.01698  0.01683  0.50   79441    1337   78772  1408399  17.73
1990-1994       64      0.01852  0.01835  0.50   78104    1433   77387  1329627  17.02
1990-1994       65      0.01986  0.01966  0.50   76671    1508   75917  1252240  16.33
1990-1994       66      0.02079  0.02058  0.50   75163    1547   74390  1176323  15.65
1990-1994       67      0.02292  0.02266  0.50   73616    1668   72782  1101933  14.97
1990-1994       68      0.02510  0.02479  0.50   71949    1783   71057  1029150  14.30
1990-1994       69      0.02779  0.02741  0.50   70165    1923   69204   958093  13.65
1990-1994       70      0.03047  0.03001  0.50   68242    2048   67218   888890  13.03
1990-1994       71      0.03208  0.03157  0.50   66194    2090   65149   821671  12.41
1990-1994       72      0.03493  0.03433  0.50   64104    2201   63004   756522  11.80
1990-1994       73      0.03694  0.03627  0.50   61903    2245   60781   693518  11.20
1990-1994       74      0.04089  0.04007  0.50   59658    2390   58463   632737  10.61
1990-1994       75      0.04536  0.04435  0.50   57268    2540   55998   574274  10.03
1990-1994       76      0.05048  0.04923  0.50   54728    2694   53381   518276   9.47
1990-1994       77      0.05611  0.05458  0.50   52034    2840   50614   464895   8.93
1990-1994       78      0.06319  0.06125  0.50   49194    3013   47687   414282   8.42
1990-1994       79      0.06869  0.06641  0.50   46180    3067   44647   366595   7.94
1990-1994       80      0.07546  0.07272  0.50   43114    3135   41546   321948   7.47
1990-1994       81      0.08135  0.07817  0.50   39978    3125   38416   280402   7.01
1990-1994       82      0.09158  0.08757  0.50   36853    3227   35240   241986   6.57
1990-1994       83      0.10137  0.09648  0.50   33626    3244   32004   206746   6.15
1990-1994       84      0.11178  0.10586  0.50   30382    3216   28773   174743   5.75
1990-1994       85      0.12497  0.11762  0.50   27165    3195   25568   145969   5.37
1990-1994       86      0.13720  0.12839  0.50   23970    3078   22432   120401   5.02
1990-1994       87      0.15127  0.14063  0.50   20893    2938   19424    97970   4.69
1990-1994       88      0.16896  0.15580  0.50   17955    2797   16556    78546   4.37
1990-1994       89      0.18935  0.17297  0.50   15157    2622   13846    61990   4.09
1990-1994       90      0.20092  0.18258  0.50   12535    2289   11391    48144   3.84
1990-1994       91      0.22307  0.20069  0.50   10247    2056    9219    36753   3.59
1990-1994       92      0.24238  0.21618  0.50    8190    1771    7305    27534   3.36
1990-1994       93      0.25295  0.22455  0.50    6420    1442    5699    20229   3.15
1990-1994       94      0.28570  0.24999  0.50    4978    1245    4356    14530   2.92
1990-1994       95      0.31463  0.27186  0.50    3734    1015    3226    10174   2.72
1990-1994       96      0.34100  0.29133  0.50    2719     792    2323     6948   2.56
1990-1994       97      0.36848  0.31115  0.50    1927     599    1627     4625   2.40
1990-1994       98      0.39693  0.33120  0.50    1327     440    1107     2998   2.26
1990-1994       99      0.42616  0.35131  0.50     888     312     732     1891   2.13
1990-1994      100      0.45600  0.37133  0.50     576     214     469     1159   2.01
1990-1994      101      0.48622  0.39113  0.50     362     142     291      690   1.91
1990-1994      102      0.51661  0.41056  0.50     220      90     175      399   1.81
1990-1994      103      0.54693  0.42948  0.50     130      56     102      224   1.73
1990-1994      104      0.57696  0.44778  0.50      74      33      58      122   1.65
1990-1994      105      0.60648  0.46536  0.50      41      19      31       65   1.58
1990-1994      106      0.63528  0.48213  0.50      22      11      17       33   1.52
1990-1994      107      0.66317  0.49803  0.50      11       6       9       17   1.46
1990-1994      108      0.69001  0.51301  0.50       6       3       4        8   1.41
1990-1994      109      0.71564  0.52705  0.50       3       1       2        4   1.38
1990-1994      110+     0.73998  1.00000  1.35       1       1       2        2   1.35
1995-1999        0      0.02008  0.01973  0.10  100000    1973   98232  7346586  73.47
1995-1999        1      0.00148  0.00148  0.50   98027     145   97955  7248354  73.94
1995-1999        2      0.00086  0.00086  0.50   97882      84   97840  7150399  73.05
1995-1999        3      0.00054  0.00054  0.50   97799      53   97772  7052559  72.11
1995-1999        4      0.00042  0.00042  0.50   97746      41   97726  6954787  71.15
1995-1999        5      0.00032  0.00032  0.50   97705      31   97690  6857061  70.18
1995-1999        6      0.00029  0.00029  0.50   97674      28   97660  6759371  69.20
1995-1999        7      0.00028  0.00028  0.50   97646      28   97632  6661711  68.22
1995-1999        8      0.00026  0.00026  0.50   97618      25   97606  6564079  67.24
1995-1999        9      0.00026  0.00026  0.50   97593      26   97580  6466473  66.26
1995-1999       10      0.00027  0.00027  0.50   97568      26   97554  6368893  65.28
1995-1999       11      0.00028  0.00028  0.50   97541      27   97528  6271339  64.29
1995-1999       12      0.00029  0.00029  0.50   97514      28   97500  6173811  63.31
1995-1999       13      0.00036  0.00036  0.50   97486      35   97468  6076311  62.33
1995-1999       14      0.00043  0.00043  0.50   97451      42   97430  5978842  61.35
1995-1999       15      0.00055  0.00055  0.50   97409      54   97382  5881413  60.38
1995-1999       16      0.00068  0.00068  0.50   97355      67   97322  5784031  59.41
1995-1999       17      0.00080  0.00080  0.50   97288      78   97249  5686709  58.45
1995-1999       18      0.00089  0.00089  0.50   97210      87   97167  5589460  57.50
1995-1999       19      0.00094  0.00094  0.50   97123      92   97078  5492293  56.55
1995-1999       20      0.00105  0.00105  0.50   97032     102   96981  5395216  55.60
1995-1999       21      0.00101  0.00101  0.50   96930      97   96881  5298235  54.66
1995-1999       22      0.00106  0.00106  0.50   96833     102   96781  5201353  53.71
1995-1999       23      0.00113  0.00113  0.50   96730     109   96676  5104572  52.77
1995-1999       24      0.00115  0.00115  0.50   96621     111   96566  5007896  51.83
1995-1999       25      0.00127  0.00127  0.50   96510     122   96449  4911331  50.89
1995-1999       26      0.00125  0.00125  0.50   96388     120   96328  4814882  49.95
1995-1999       27      0.00130  0.00129  0.50   96267     125   96205  4718554  49.02
1995-1999       28      0.00130  0.00130  0.50   96143     125   96080  4622349  48.08
1995-1999       29      0.00135  0.00134  0.50   96018     129   95953  4526269  47.14
1995-1999       30      0.00153  0.00153  0.50   95889     147   95815  4430316  46.20
1995-1999       31      0.00138  0.00138  0.50   95742     132   95676  4334501  45.27
1995-1999       32      0.00146  0.00146  0.50   95610     139   95540  4238825  44.33
1995-1999       33      0.00151  0.00151  0.50   95471     144   95398  4143285  43.40
1995-1999       34      0.00153  0.00153  0.50   95326     146   95253  4047886  42.46
1995-1999       35      0.00175  0.00175  0.50   95180     167   95097  3952633  41.53
1995-1999       36      0.00177  0.00177  0.50   95014     168   94930  3857536  40.60
1995-1999       37      0.00183  0.00183  0.50   94845     174   94758  3762606  39.67
1995-1999       38      0.00200  0.00200  0.50   94672     189   94577  3667848  38.74
1995-1999       39      0.00216  0.00216  0.50   94482     204   94381  3573271  37.82
1995-1999       40      0.00246  0.00245  0.50   94279     231   94163  3478890  36.90
1995-1999       41      0.00249  0.00249  0.50   94047     234   93930  3384727  35.99
1995-1999       42      0.00275  0.00275  0.50   93813     258   93684  3290797  35.08
1995-1999       43      0.00301  0.00301  0.50   93555     282   93414  3197113  34.17
1995-1999       44      0.00332  0.00332  0.50   93274     309   93119  3103699  33.28
1995-1999       45      0.00380  0.00379  0.50   92964     352   92788  3010580  32.38
1995-1999       46      0.00399  0.00398  0.50   92612     369   92428  2917792  31.51
1995-1999       47      0.00439  0.00438  0.50   92243     404   92041  2825364  30.63
1995-1999       48      0.00486  0.00485  0.50   91839     446   91616  2733323  29.76
1995-1999       49      0.00543  0.00541  0.50   91394     495   91146  2641706  28.90
1995-1999       50      0.00617  0.00615  0.50   90899     559   90620  2550560  28.06
1995-1999       51      0.00628  0.00626  0.50   90340     566   90057  2459941  27.23
1995-1999       52      0.00684  0.00682  0.50   89774     612   89468  2369884  26.40
1995-1999       53      0.00752  0.00750  0.50   89162     668   88828  2280416  25.58
1995-1999       54      0.00798  0.00795  0.50   88493     703   88142  2191588  24.77
1995-1999       55      0.00887  0.00883  0.50   87790     775   87403  2103446  23.96
1995-1999       56      0.00970  0.00965  0.50   87015     840   86595  2016043  23.17
1995-1999       57      0.01017  0.01012  0.50   86175     872   85739  1929448  22.39
1995-1999       58      0.01096  0.01090  0.50   85303     930   84838  1843709  21.61
1995-1999       59      0.01188  0.01181  0.50   84373     997   83875  1758870  20.85
1995-1999       60      0.01344  0.01335  0.50   83377    1113   82820  1674995  20.09
1995-1999       61      0.01368  0.01359  0.50   82264    1118   81705  1592175  19.35
1995-1999       62      0.01508  0.01497  0.50   81146    1214   80539  1510470  18.61
1995-1999       63      0.01651  0.01637  0.50   79931    1309   79277  1429932  17.89
1995-1999       64      0.01834  0.01818  0.50   78623    1429   77908  1350655  17.18
1995-1999       65      0.02002  0.01982  0.50   77193    1530   76429  1272747  16.49
1995-1999       66      0.02139  0.02117  0.50   75664    1602   74863  1196318  15.81
1995-1999       67      0.02324  0.02297  0.50   74062    1701   73211  1121455  15.14
1995-1999       68      0.02510  0.02479  0.50   72361    1794   71464  1048244  14.49
1995-1999       69      0.02687  0.02651  0.50   70567    1871   69631   976780  13.84
1995-1999       70      0.02920  0.02878  0.50   68696    1977   67707   907149  13.21
1995-1999       71      0.03118  0.03070  0.50   66719    2049   65695   839442  12.58
1995-1999       72      0.03448  0.03390  0.50   64670    2192   63574   773747  11.96
1995-1999       73      0.03772  0.03703  0.50   62478    2313   61322   710173  11.37
1995-1999       74      0.04197  0.04111  0.50   60165    2473   58928   648851  10.78
1995-1999       75      0.04604  0.04500  0.50   57692    2596   56393   589923  10.23
1995-1999       76      0.05091  0.04965  0.50   55095    2735   53728   533530   9.68
1995-1999       77      0.05490  0.05343  0.50   52360    2798   50961   479802   9.16
1995-1999       78      0.06061  0.05883  0.50   49562    2916   48104   428841   8.65
1995-1999       79      0.06769  0.06548  0.50   46647    3054   45120   380736   8.16
1995-1999       80      0.07294  0.07038  0.50   43592    3068   42058   335617   7.70
1995-1999       81      0.08030  0.07720  0.50   40524    3128   38960   293558   7.24
1995-1999       82      0.08767  0.08399  0.50   37396    3141   35826   254598   6.81
1995-1999       83      0.09644  0.09201  0.50   34255    3152   32679   218773   6.39
1995-1999       84      0.10655  0.10116  0.50   31104    3146   29530   186093   5.98
1995-1999       85      0.11870  0.11205  0.50   27957    3133   26391   156563   5.60
1995-1999       86      0.13036  0.12238  0.50   24824    3038   23305   130172   5.24
1995-1999       87      0.14237  0.13291  0.50   21786    2896   20339   106867   4.91
1995-1999       88      0.15704  0.14561  0.50   18891    2751   17515    86528   4.58
1995-1999       89      0.17585  0.16164  0.50   16140    2609   14836    69013   4.28
1995-1999       90      0.19129  0.17459  0.50   13531    2362   12350    54177   4.00
1995-1999       91      0.20868  0.18896  0.50   11169    2110   10114    41827   3.75
1995-1999       92      0.22910  0.20555  0.50    9058    1862    8127    31714   3.50
1995-1999       93      0.24889  0.22134  0.50    7196    1593    6400    23586   3.28
1995-1999       94      0.27479  0.24160  0.50    5604    1354    4927    17187   3.07
1995-1999       95      0.29400  0.25632  0.50    4250    1089    3705    12260   2.88
1995-1999       96      0.31861  0.27483  0.50    3160     869    2726     8555   2.71
1995-1999       97      0.34436  0.29378  0.50    2292     673    1955     5829   2.54
1995-1999       98      0.37115  0.31305  0.50    1619     507    1365     3873   2.39
1995-1999       99      0.39884  0.33252  0.50    1112     370     927     2508   2.26
1995-1999      100      0.42726  0.35205  0.50     742     261     612     1581   2.13
1995-1999      101      0.45625  0.37150  0.50     481     179     392      970   2.02
1995-1999      102      0.48560  0.39073  0.50     302     118     243      578   1.91
1995-1999      103      0.51511  0.40961  0.50     184      75     146      335   1.82
1995-1999      104      0.54457  0.42803  0.50     109      47      85      189   1.73
1995-1999      105      0.57377  0.44586  0.50      62      28      48      103   1.66
1995-1999      106      0.60250  0.46302  0.50      34      16      26       55   1.59
1995-1999      107      0.63058  0.47942  0.50      19       9      14       28   1.53
1995-1999      108      0.65783  0.49501  0.50      10       5       7       14   1.48
1995-1999      109      0.68410  0.50974  0.50       5       2       4        7   1.44
1995-1999      110+     0.70926  1.00000  1.41       2       2       3        3   1.41
2000-2004        0      0.01646  0.01622  0.09  100000    1622   98530  7443115  74.43
2000-2004        1      0.00106  0.00106  0.50   98378     105   98325  7344585  74.66
2000-2004        2      0.00074  0.00074  0.50   98273      73   98237  7246260  73.74
2000-2004        3      0.00048  0.00048  0.50   98200      47   98177  7148023  72.79
2000-2004        4      0.00035  0.00035  0.50   98153      35   98136  7049847  71.83
2000-2004        5      0.00031  0.00031  0.50   98118      30   98103  6951711  70.85
2000-2004        6      0.00026  0.00026  0.50   98088      25   98075  6853608  69.87
2000-2004        7      0.00026  0.00026  0.50   98063      25   98050  6755533  68.89
2000-2004        8      0.00023  0.00023  0.50   98038      23   98026  6657482  67.91
2000-2004        9      0.00024  0.00024  0.50   98015      23   98003  6559456  66.92
2000-2004       10      0.00024  0.00024  0.50   97991      24   97979  6461453  65.94
2000-2004       11      0.00024  0.00024  0.50   97968      24   97956  6363474  64.95
2000-2004       12      0.00027  0.00027  0.50   97944      27   97931  6265518  63.97
2000-2004       13      0.00032  0.00032  0.50   97917      31   97901  6167587  62.99
2000-2004       14      0.00040  0.00040  0.50   97886      39   97866  6069686  62.01
2000-2004       15      0.00054  0.00054  0.50   97846      53   97820  5971820  61.03
2000-2004       16      0.00066  0.00066  0.50   97793      65   97761  5874000  60.07
2000-2004       17      0.00078  0.00078  0.50   97729      77   97690  5776239  59.10
2000-2004       18      0.00089  0.00089  0.50   97652      87   97608  5678549  58.15
2000-2004       19      0.00093  0.00093  0.50   97565      91   97520  5580940  57.20
2000-2004       20      0.00101  0.00100  0.50   97474      98   97425  5483421  56.26
2000-2004       21      0.00095  0.00095  0.50   97376      92   97330  5385996  55.31
2000-2004       22      0.00100  0.00100  0.50   97284      97   97235  5288666  54.36
2000-2004       23      0.00101  0.00101  0.50   97187      98   97137  5191430  53.42
2000-2004       24      0.00099  0.00099  0.50   97088      96   97040  5094293  52.47
2000-2004       25      0.00107  0.00107  0.50   96992     104   96940  4997253  51.52
2000-2004       26      0.00102  0.00102  0.50   96888      99   96838  4900313  50.58
2000-2004       27      0.00101  0.00101  0.50   96789      98   96740  4803475  49.63
2000-2004       28      0.00107  0.00107  0.50   96691     103   96639  4706735  48.68
2000-2004       29      0.00115  0.00115  0.50   96587     111   96532  4610096  47.73
2000-2004       30      0.00129  0.00129  0.50   96476     124   96414  4513564  46.78
2000-2004       31      0.00127  0.00127  0.50   96352     123   96291  4417150  45.84
2000-2004       32      0.00129  0.00129  0.50   96229     124   96167  4320859  44.90
2000-2004       33      0.00137  0.00137  0.50   96105     132   96039  4224692  43.96
2000-2004       34      0.00143  0.00143  0.50   95973     137   95905  4128653  43.02
2000-2004       35      0.00155  0.00155  0.50   95836     148   95762  4032748  42.08
2000-2004       36      0.00155  0.00154  0.50   95688     148   95614  3936986  41.14
2000-2004       37      0.00166  0.00166  0.50   95540     159   95461  3841372  40.21
2000-2004       38      0.00184  0.00184  0.50   95381     175   95294  3745911  39.27
2000-2004       39      0.00186  0.00186  0.50   95206     177   95118  3650618  38.34
2000-2004       40      0.00218  0.00217  0.50   95029     207   94926  3555500  37.41
2000-2004       41      0.00218  0.00218  0.50   94823     207   94720  3460574  36.50
2000-2004       42      0.00248  0.00247  0.50   94616     234   94499  3365854  35.57
2000-2004       43      0.00271  0.00271  0.50   94382     255   94255  3271355  34.66
2000-2004       44      0.00300  0.00299  0.50   94127     282   93986  3177100  33.75
2000-2004       45      0.00333  0.00332  0.50   93845     312   93689  3083115  32.85
2000-2004       46      0.00357  0.00357  0.50   93533     334   93366  2989426  31.96
2000-2004       47      0.00384  0.00383  0.50   93199     357   93021  2896059  31.07
2000-2004       48      0.00437  0.00436  0.50   92843     405   92640  2803038  30.19
2000-2004       49      0.00479  0.00478  0.50   92438     442   92217  2710398  29.32
2000-2004       50      0.00559  0.00557  0.50   91996     513   91740  2618181  28.46
2000-2004       51      0.00570  0.00568  0.50   91483     520   91224  2526441  27.62
2000-2004       52      0.00650  0.00648  0.50   90964     589   90669  2435218  26.77
2000-2004       53      0.00705  0.00703  0.50   90374     635   90057  2344549  25.94
2000-2004       54      0.00765  0.00762  0.50   89739     684   89397  2254492  25.12
2000-2004       55      0.00848  0.00844  0.50   89055     752   88680  2165094  24.31
2000-2004       56      0.00911  0.00907  0.50   88304     801   87903  2076415  23.51
2000-2004       57      0.00974  0.00969  0.50   87503     848   87079  1988512  22.73
2000-2004       58      0.01062  0.01057  0.50   86655     916   86197  1901433  21.94
2000-2004       59      0.01127  0.01120  0.50   85739     960   85259  1815236  21.17
2000-2004       60      0.01274  0.01266  0.50   84778    1073   84242  1729978  20.41
2000-2004       61      0.01315  0.01306  0.50   83705    1093   83159  1645736  19.66
2000-2004       62      0.01446  0.01436  0.50   82612    1186   82019  1562577  18.91
2000-2004       63      0.01575  0.01562  0.50   81426    1272   80790  1480559  18.18
2000-2004       64      0.01684  0.01670  0.50   80153    1339   79484  1399769  17.46
2000-2004       65      0.01851  0.01834  0.50   78815    1445   78092  1320285  16.75
2000-2004       66      0.01946  0.01928  0.50   77369    1491   76624  1242193  16.06
2000-2004       67      0.02096  0.02075  0.50   75878    1574   75091  1165569  15.36
2000-2004       68      0.02344  0.02317  0.50   74304    1722   73443  1090478  14.68
2000-2004       69      0.02515  0.02483  0.50   72582    1803   71681  1017035  14.01
2000-2004       70      0.02853  0.02813  0.50   70780    1991   69784   945354  13.36
2000-2004       71      0.03048  0.03002  0.50   68789    2065   67756   875570  12.73
2000-2004       72      0.03324  0.03270  0.50   66724    2182   65633   807813  12.11
2000-2004       73      0.03625  0.03560  0.50   64542    2298   63393   742180  11.50
2000-2004       74      0.03943  0.03867  0.50   62244    2407   61041   678787  10.91
2000-2004       75      0.04315  0.04223  0.50   59837    2527   58573   617747  10.32
2000-2004       76      0.04646  0.04540  0.50   57310    2602   56009   559173   9.76
2000-2004       77      0.05092  0.04966  0.50   54708    2717   53349   503165   9.20
2000-2004       78      0.05748  0.05588  0.50   51991    2905   50539   449815   8.65
2000-2004       79      0.06442  0.06241  0.50   49086    3063   47554   399277   8.13
2000-2004       80      0.07653  0.07371  0.50   46023    3392   44326   351722   7.64
2000-2004       81      0.08375  0.08038  0.50   42630    3427   40917   307396   7.21
2000-2004       82      0.09100  0.08704  0.50   39204    3412   37498   266479   6.80
2000-2004       83      0.09927  0.09458  0.50   35791    3385   34099   228981   6.40
2000-2004       84      0.10733  0.10187  0.50   32406    3301   30756   194882   6.01
2000-2004       85      0.11736  0.11085  0.50   29105    3226   27492   164127   5.64
2000-2004       86      0.12910  0.12127  0.50   25879    3138   24310   136634   5.28
2000-2004       87      0.14135  0.13202  0.50   22741    3002   21240   112325   4.94
2000-2004       88      0.15585  0.14458  0.50   19738    2854   18312    91085   4.61
2000-2004       89      0.17232  0.15865  0.50   16885    2679   15545    72774   4.31
2000-2004       90      0.19183  0.17504  0.50   14206    2487   12963    57228   4.03
2000-2004       91      0.20622  0.18694  0.50   11719    2191   10624    44266   3.78
2000-2004       92      0.22845  0.20503  0.50    9529    1954    8552    33642   3.53
2000-2004       93      0.24754  0.22028  0.50    7575    1669    6741    25090   3.31
2000-2004       94      0.27221  0.23960  0.50    5906    1415    5199    18349   3.11
2000-2004       95      0.28972  0.25306  0.50    4491    1137    3923    13151   2.93
2000-2004       96      0.31342  0.27096  0.50    3355     909    2900     9228   2.75
2000-2004       97      0.33823  0.28931  0.50    2446     708    2092     6328   2.59
2000-2004       98      0.36406  0.30800  0.50    1738     535    1470     4236   2.44
2000-2004       99      0.39079  0.32691  0.50    1203     393    1006     2765   2.30
2000-2004      100      0.41827  0.34592  0.50     810     280     670     1759   2.17
2000-2004      101      0.44634  0.36491  0.50     530     193     433     1090   2.06
2000-2004      102      0.47484  0.38373  0.50     336     129     272      657   1.95
2000-2004      103      0.50356  0.40228  0.50     207      83     166      385   1.86
2000-2004      104      0.53233  0.42042  0.50     124      52      98      219   1.77
2000-2004      105      0.56093  0.43807  0.50      72      31      56      122   1.69
2000-2004      106      0.58918  0.45511  0.50      40      18      31       65   1.62
2000-2004      107      0.61690  0.47147  0.50      22      10      17       34   1.56
2000-2004      108      0.64391  0.48709  0.50      12       6       9       18   1.51
2000-2004      109      0.67007  0.50191  0.50       6       3       4        9   1.47
2000-2004      110+     0.69524  1.00000  1.44       3       3       4        4   1.44
2005-2009        0      0.01299  0.01284  0.08  100000    1284   98824  7532669  75.33
2005-2009        1      0.00091  0.00091  0.50   98716      89   98671  7433845  75.31
2005-2009        2      0.00060  0.00060  0.50   98627      59   98597  7335173  74.37
2005-2009        3      0.00040  0.00040  0.50   98567      40   98548  7236576  73.42
2005-2009        4      0.00031  0.00031  0.50   98528      31   98512  7138029  72.45
2005-2009        5      0.00029  0.00029  0.50   98497      29   98483  7039516  71.47
2005-2009        6      0.00024  0.00024  0.50   98468      24   98456  6941034  70.49
2005-2009        7      0.00025  0.00025  0.50   98444      25   98432  6842578  69.51
2005-2009        8      0.00024  0.00024  0.50   98419      24   98407  6744146  68.52
2005-2009        9      0.00023  0.00023  0.50   98396      23   98384  6645739  67.54
2005-2009       10      0.00024  0.00024  0.50   98373      24   98361  6547354  66.56
2005-2009       11      0.00026  0.00026  0.50   98349      25   98336  6448994  65.57
2005-2009       12      0.00029  0.00029  0.50   98323      28   98309  6350658  64.59
2005-2009       13      0.00034  0.00034  0.50   98295      34   98278  6252348  63.61
2005-2009       14      0.00040  0.00040  0.50   98261      40   98242  6154070  62.63
2005-2009       15      0.00051  0.00051  0.50   98222      50   98197  6055829  61.65
2005-2009       16      0.00063  0.00063  0.50   98171      62   98140  5957632  60.69
2005-2009       17      0.00079  0.00079  0.50   98109      77   98071  5859492  59.72
2005-2009       18      0.00088  0.00088  0.50   98032      86   97989  5761421  58.77
2005-2009       19      0.00093  0.00093  0.50   97946      91   97901  5663432  57.82
2005-2009       20      0.00094  0.00094  0.50   97855      92   97810  5565531  56.88
2005-2009       21      0.00097  0.00097  0.50   97764      95   97717  5467721  55.93
2005-2009       22      0.00095  0.00095  0.50   97669      93   97623  5370005  54.98
2005-2009       23      0.00098  0.00098  0.50   97577      96   97529  5272382  54.03
2005-2009       24      0.00097  0.00097  0.50   97481      94   97434  5174853  53.09
2005-2009       25      0.00100  0.00100  0.50   97386      97   97338  5077420  52.14
2005-2009       26      0.00097  0.00097  0.50   97289      94   97242  4980082  51.19
2005-2009       27      0.00098  0.00098  0.50   97195      95   97147  4882840  50.24
2005-2009       28      0.00103  0.00103  0.50   97100     100   97050  4785693  49.29
2005-2009       29      0.00104  0.00104  0.50   97000     101   96949  4688643  48.34
2005-2009       30      0.00109  0.00109  0.50   96898     106   96845  4591694  47.39
2005-2009       31      0.00107  0.00107  0.50   96792     104   96740  4494849  46.44
2005-2009       32      0.00113  0.00113  0.50   96689     110   96634  4398108  45.49
2005-2009       33      0.00119  0.00119  0.50   96579     115   96521  4301475  44.54
2005-2009       34      0.00128  0.00128  0.50   96464     123   96402  4204953  43.59
2005-2009       35      0.00143  0.00143  0.50   96340     138   96271  4108551  42.65
2005-2009       36      0.00146  0.00146  0.50   96203     141   96132  4012280  41.71
2005-2009       37      0.00155  0.00155  0.50   96062     149   95988  3916148  40.77
2005-2009       38      0.00170  0.00170  0.50   95914     163   95832  3820160  39.83
2005-2009       39      0.00176  0.00176  0.50   95750     168   95666  3724328  38.90
2005-2009       40      0.00200  0.00200  0.50   95582     191   95486  3628662  37.96
2005-2009       41      0.00212  0.00212  0.50   95391     202   95290  3533176  37.04
2005-2009       42      0.00224  0.00224  0.50   95189     213   95082  3437886  36.12
2005-2009       43      0.00240  0.00239  0.50   94975     227   94862  3342804  35.20
2005-2009       44      0.00266  0.00265  0.50   94748     251   94622  3247943  34.28
2005-2009       45      0.00305  0.00305  0.50   94497     288   94353  3153320  33.37
2005-2009       46      0.00323  0.00322  0.50   94209     304   94057  3058968  32.47
2005-2009       47      0.00354  0.00353  0.50   93905     332   93739  2964911  31.57
2005-2009       48      0.00398  0.00397  0.50   93573     372   93387  2871172  30.68
2005-2009       49      0.00444  0.00443  0.50   93201     413   92995  2777785  29.80
2005-2009       50      0.00513  0.00512  0.50   92788     475   92551  2684790  28.93
2005-2009       51      0.00537  0.00536  0.50   92313     495   92066  2592240  28.08
2005-2009       52      0.00580  0.00578  0.50   91818     531   91553  2500174  27.23
2005-2009       53      0.00632  0.00630  0.50   91288     575   91000  2408621  26.38
2005-2009       54      0.00703  0.00701  0.50   90713     636   90395  2317621  25.55
2005-2009       55      0.00775  0.00772  0.50   90077     695   89729  2227226  24.73
2005-2009       56      0.00846  0.00843  0.50   89382     753   89005  2137497  23.91
2005-2009       57      0.00920  0.00916  0.50   88628     811   88223  2048492  23.11
2005-2009       58      0.00997  0.00992  0.50   87817     871   87381  1960269  22.32
2005-2009       59      0.01081  0.01075  0.50   86946     935   86478  1872888  21.54
2005-2009       60      0.01244  0.01236  0.50   86011    1063   85479  1786409  20.77
2005-2009       61      0.01284  0.01276  0.50   84948    1084   84406  1700930  20.02
2005-2009       62      0.01399  0.01389  0.50   83864    1165   83281  1616525  19.28
2005-2009       63      0.01507  0.01496  0.50   82699    1237   82080  1533243  18.54
2005-2009       64      0.01618  0.01605  0.50   81462    1308   80808  1451163  17.81
2005-2009       65      0.01789  0.01773  0.50   80154    1421   79443  1370355  17.10
2005-2009       66      0.01850  0.01833  0.50   78733    1443   78011  1290912  16.40
2005-2009       67      0.02062  0.02041  0.50   77289    1578   76501  1212901  15.69
2005-2009       68      0.02223  0.02198  0.50   75712    1664   74880  1136400  15.01
2005-2009       69      0.02380  0.02352  0.50   74047    1741   73177  1061521  14.34
2005-2009       70      0.02630  0.02596  0.50   72306    1877   71367   988344  13.67
2005-2009       71      0.02742  0.02705  0.50   70429    1905   69476   916977  13.02
2005-2009       72      0.02978  0.02934  0.50   68523    2011   67518   847501  12.37
2005-2009       73      0.03269  0.03217  0.50   66513    2140   65443   779982  11.73
2005-2009       74      0.03652  0.03587  0.50   64373    2309   63219   714539  11.10
2005-2009       75      0.04039  0.03960  0.50   62064    2457   60835   651321  10.49
2005-2009       76      0.04435  0.04339  0.50   59607    2586   58314   590485   9.91
2005-2009       77      0.04878  0.04762  0.50   57021    2715   55663   532172   9.33
2005-2009       78      0.05386  0.05244  0.50   54305    2848   52881   476509   8.77
2005-2009       79      0.05839  0.05674  0.50   51457    2920   49997   423628   8.23
2005-2009       80      0.06439  0.06238  0.50   48538    3028   47024   373631   7.70
2005-2009       81      0.07130  0.06885  0.50   45510    3133   43943   326607   7.18
2005-2009       82      0.08213  0.07889  0.50   42376    3343   40705   282664   6.67
2005-2009       83      0.09510  0.09079  0.50   39033    3544   37261   241959   6.20
2005-2009       84      0.11031  0.10454  0.50   35489    3710   33634   204698   5.77
2005-2009       85      0.12662  0.11908  0.50   31779    3784   29887   171064   5.38
2005-2009       86      0.14389  0.13423  0.50   27995    3758   26116   141176   5.04
2005-2009       87      0.15308  0.14220  0.50   24237    3447   22514   115060   4.75
2005-2009       88      0.16709  0.15420  0.50   20791    3206   19188    92547   4.45
2005-2009       89      0.18328  0.16790  0.50   17585    2952   16108    73359   4.17
2005-2009       90      0.19525  0.17788  0.50   14632    2603   13331    57250   3.91
2005-2009       91      0.21346  0.19288  0.50   12029    2320   10869    43920   3.65
2005-2009       92      0.23250  0.20829  0.50    9709    2022    8698    33050   3.40
2005-2009       93      0.25294  0.22454  0.50    7687    1726    6824    24352   3.17
2005-2009       94      0.27368  0.24074  0.50    5961    1435    5243    17528   2.94
2005-2009       95      0.31386  0.27129  0.50    4526    1228    3912    12285   2.71
2005-2009       96      0.34157  0.29174  0.50    3298     962    2817     8373   2.54
2005-2009       97      0.37051  0.31260  0.50    2336     730    1971     5556   2.38
2005-2009       98      0.40051  0.33369  0.50    1606     536    1338     3585   2.23
2005-2009       99      0.43140  0.35485  0.50    1070     380     880     2247   2.10
2005-2009      100      0.46292  0.37591  0.50     690     259     560     1367   1.98
2005-2009      101      0.49485  0.39670  0.50     431     171     345      807   1.87
2005-2009      102      0.52691  0.41704  0.50     260     108     206      462   1.78
2005-2009      103      0.55885  0.43680  0.50     151      66     118      256   1.69
2005-2009      104      0.59038  0.45583  0.50      85      39      66      137   1.61
2005-2009      105      0.62127  0.47402  0.50      46      22      35       72   1.54
2005-2009      106      0.65126  0.49129  0.50      24      12      18       36   1.48
2005-2009      107      0.68017  0.50756  0.50      12       6       9       18   1.43
2005-2009      108      0.70781  0.52279  0.50       6       3       5        8   1.38
2005-2009      109      0.73404  0.53696  0.50       3       2       2        4   1.34
2005-2009      110+     0.75876  1.00000  1.32       1       1       2        2   1.32
2010-2013        0      0.01156  0.01144  0.08  100000    1144   98948  7573722  75.74
2010-2013        1      0.00075  0.00075  0.50   98856      74   98819  7474774  75.61
2010-2013        2      0.00051  0.00051  0.50   98781      51   98756  7375955  74.67
2010-2013        3      0.00036  0.00036  0.50   98731      35   98713  7277199  73.71
2010-2013        4      0.00028  0.00028  0.50   98696      27   98682  7178486  72.73
2010-2013        5      0.00024  0.00024  0.50   98668      24   98656  7079804  71.75
2010-2013        6      0.00021  0.00021  0.50   98645      21   98634  6981147  70.77
2010-2013        7      0.00020  0.00020  0.50   98624      20   98614  6882513  69.79
2010-2013        8      0.00019  0.00019  0.50   98604      19   98594  6783900  68.80
2010-2013        9      0.00020  0.00020  0.50   98585      20   98575  6685305  67.81
2010-2013       10      0.00021  0.00021  0.50   98565      21   98555  6586731  66.83
2010-2013       11      0.00022  0.00022  0.50   98544      21   98534  6488176  65.84
2010-2013       12      0.00028  0.00028  0.50   98523      27   98509  6389642  64.85
2010-2013       13      0.00031  0.00031  0.50   98496      30   98481  6291133  63.87
2010-2013       14      0.00039  0.00039  0.50   98465      39   98446  6192652  62.89
2010-2013       15      0.00053  0.00053  0.50   98427      52   98401  6094206  61.92
2010-2013       16      0.00073  0.00073  0.50   98374      72   98339  5995805  60.95
2010-2013       17      0.00085  0.00085  0.50   98303      83   98261  5897467  59.99
2010-2013       18      0.00097  0.00097  0.50   98220      95   98172  5799205  59.04
2010-2013       19      0.00106  0.00106  0.50   98124     104   98072  5701033  58.10
2010-2013       20      0.00111  0.00111  0.50   98021     109   97966  5602961  57.16
2010-2013       21      0.00107  0.00107  0.50   97912     105   97859  5504995  56.22
2010-2013       22      0.00104  0.00104  0.50   97807     102   97756  5407136  55.28
2010-2013       23      0.00106  0.00106  0.50   97705     103   97653  5309380  54.34
2010-2013       24      0.00100  0.00100  0.50   97601      98   97553  5211727  53.40
2010-2013       25      0.00103  0.00103  0.50   97504     101   97453  5114174  52.45
2010-2013       26      0.00104  0.00104  0.50   97403     101   97352  5016721  51.50
2010-2013       27      0.00103  0.00103  0.50   97302     100   97252  4919369  50.56
2010-2013       28      0.00105  0.00105  0.50   97202     102   97151  4822117  49.61
2010-2013       29      0.00106  0.00106  0.50   97100     103   97049  4724965  48.66
2010-2013       30      0.00115  0.00115  0.50   96997     111   96942  4627916  47.71
2010-2013       31      0.00113  0.00113  0.50   96886     109   96831  4530975  46.77
2010-2013       32      0.00115  0.00115  0.50   96777     112   96721  4434143  45.82
2010-2013       33      0.00119  0.00119  0.50   96665     115   96608  4337422  44.87
2010-2013       34      0.00121  0.00121  0.50   96550     116   96492  4240815  43.92
2010-2013       35      0.00132  0.00132  0.50   96434     128   96370  4144323  42.98
2010-2013       36      0.00141  0.00141  0.50   96306     136   96238  4047953  42.03
2010-2013       37      0.00150  0.00150  0.50   96170     144   96098  3951715  41.09
2010-2013       38      0.00156  0.00156  0.50   96026     150   95952  3855617  40.15
2010-2013       39      0.00172  0.00172  0.50   95877     165   95795  3759665  39.21
2010-2013       40      0.00194  0.00194  0.50   95712     185   95620  3663870  38.28
2010-2013       41      0.00202  0.00202  0.50   95527     193   95430  3568251  37.35
2010-2013       42      0.00220  0.00220  0.50   95334     209   95229  3472820  36.43
2010-2013       43      0.00231  0.00231  0.50   95124     220   95015  3377591  35.51
2010-2013       44      0.00252  0.00252  0.50   94905     239   94785  3282576  34.59
2010-2013       45      0.00283  0.00283  0.50   94666     268   94532  3187791  33.67
2010-2013       46      0.00299  0.00299  0.50   94398     282   94257  3093259  32.77
2010-2013       47      0.00341  0.00340  0.50   94116     320   93956  2999002  31.86
2010-2013       48      0.00377  0.00376  0.50   93796     353   93620  2905045  30.97
2010-2013       49      0.00407  0.00406  0.50   93443     379   93254  2811426  30.09
2010-2013       50      0.00458  0.00457  0.50   93064     425   92851  2718172  29.21
2010-2013       51      0.00487  0.00486  0.50   92639     450   92414  2625321  28.34
2010-2013       52      0.00543  0.00542  0.50   92189     499   91939  2532907  27.48
2010-2013       53      0.00595  0.00594  0.50   91690     544   91417  2440968  26.62
2010-2013       54      0.00650  0.00648  0.50   91145     591   90850  2349551  25.78
2010-2013       55      0.00740  0.00737  0.50   90554     667   90221  2258701  24.94
2010-2013       56      0.00789  0.00786  0.50   89887     706   89534  2168480  24.12
2010-2013       57      0.00849  0.00846  0.50   89180     754   88803  2078946  23.31
2010-2013       58      0.00943  0.00939  0.50   88426     830   88011  1990143  22.51
2010-2013       59      0.01032  0.01027  0.50   87596     899   87147  1902132  21.71
2010-2013       60      0.01147  0.01140  0.50   86697     989   86203  1814985  20.93
2010-2013       61      0.01232  0.01225  0.50   85708    1050   85183  1728783  20.17
2010-2013       62      0.01362  0.01352  0.50   84659    1145   84086  1643599  19.41
2010-2013       63      0.01476  0.01465  0.50   83514    1224   82902  1559513  18.67
2010-2013       64      0.01587  0.01574  0.50   82290    1296   81642  1476611  17.94
2010-2013       65      0.01748  0.01732  0.50   80995    1403   80293  1394969  17.22
2010-2013       66      0.01884  0.01866  0.50   79591    1485   78849  1314676  16.52
2010-2013       67      0.02042  0.02021  0.50   78106    1579   77317  1235827  15.82
2010-2013       68      0.02203  0.02179  0.50   76527    1668   75693  1158510  15.14
2010-2013       69      0.02344  0.02317  0.50   74859    1734   73992  1082817  14.46
2010-2013       70      0.02554  0.02522  0.50   73125    1844   72203  1008825  13.80
2010-2013       71      0.02755  0.02718  0.50   71281    1937   70313   936621  13.14
2010-2013       72      0.03010  0.02965  0.50   69344    2056   68316   866309  12.49
2010-2013       73      0.03212  0.03161  0.50   67288    2127   66225   797992  11.86
2010-2013       74      0.03448  0.03390  0.50   65161    2209   64057   731768  11.23
2010-2013       75      0.03768  0.03698  0.50   62952    2328   61788   667711  10.61
2010-2013       76      0.04056  0.03976  0.50   60624    2410   59419   605923   9.99
2010-2013       77      0.04433  0.04337  0.50   58214    2525   56951   546504   9.39
2010-2013       78      0.04945  0.04826  0.50   55689    2688   54345   489553   8.79
2010-2013       79      0.05512  0.05364  0.50   53001    2843   51580   435208   8.21
2010-2013       80      0.06281  0.06090  0.50   50158    3055   48631   383628   7.65
2010-2013       81      0.06992  0.06756  0.50   47104    3182   45513   334997   7.11
2010-2013       82      0.07787  0.07496  0.50   43922    3292   42275   289484   6.59
2010-2013       83      0.08580  0.08227  0.50   40629    3342   38958   247208   6.08
2010-2013       84      0.09389  0.08968  0.50   37287    3344   35615   208250   5.59
2010-2013       85      0.10461  0.09941  0.50   33943    3374   32256   172635   5.09
2010-2013       86      0.12095  0.11405  0.50   30569    3486   28825   140379   4.59
2010-2013       87      0.14773  0.13757  0.50   27082    3726   25219   111554   4.12
2010-2013       88      0.18218  0.16697  0.50   23357    3900   21407    86335   3.70
2010-2013       89      0.23105  0.20712  0.50   19457    4030   17442    64928   3.34
2010-2013       90      0.27481  0.24161  0.50   15427    3727   13563    47486   3.08
2010-2013       91      0.29592  0.25778  0.50   11699    3016   10192    33923   2.90
2010-2013       92      0.31440  0.27169  0.50    8684    2359    7504    23732   2.73
2010-2013       93      0.33008  0.28332  0.50    6324    1792    5428    16228   2.57
2010-2013       94      0.35260  0.29975  0.50    4533    1359    3853    10799   2.38
2010-2013       95      0.39962  0.33307  0.50    3174    1057    2645     6946   2.19
2010-2013       96      0.43900  0.35999  0.50    2117     762    1736     4301   2.03
2010-2013       97      0.47928  0.38663  0.50    1355     524    1093     2565   1.89
2010-2013       98      0.51993  0.41266  0.50     831     343     660     1472   1.77
2010-2013       99      0.56043  0.43777  0.50     488     214     381      812   1.66
2010-2013      100      0.60025  0.46169  0.50     274     127     211      431   1.57
2010-2013      101      0.63888  0.48421  0.50     148      72     112      220   1.49
2010-2013      102      0.67589  0.50517  0.50      76      38      57      108   1.42
2010-2013      103      0.71090  0.52447  0.50      38      20      28       51   1.36
2010-2013      104      0.74363  0.54208  0.50      18      10      13       23   1.31
2010-2013      105      0.77390  0.55799  0.50       8       5       6       10   1.26
2010-2013      106      0.80160  0.57225  0.50       4       2       3        4   1.22
2010-2013      107      0.82671  0.58493  0.50       2       1       1        2   1.19
2010-2013      108      0.84928  0.59614  0.50       1       0       0        1   1.16
2010-2013      109      0.86940  0.60598  0.50       0       0       0        0   1.14
2010-2013      110+     0.88722  1.00000  1.13       0       0       0        0   1.13
