ARG, Deaths (period 1x5), 	Last modified: 04 ago. 2019; MPv5 (May07)

  Year          Age             Female            Male           Total
1990-1994        0             33256.00        43607.00        76863.00
1990-1994        1              2848.00         3274.00         6122.00
1990-1994        2              1390.00         1547.00         2937.00
1990-1994        3               747.00         1060.00         1807.00
1990-1994        4               575.00          745.00         1320.00
1990-1994        5               494.00          596.00         1090.00
1990-1994        6               411.00          568.00          979.00
1990-1994        7               353.00          579.00          932.00
1990-1994        8               359.00          530.00          889.00
1990-1994        9               453.00          639.00         1092.00
1990-1994       10               400.00          598.00          998.00
1990-1994       11               337.00          596.00          933.00
1990-1994       12               390.00          645.00         1035.00
1990-1994       13               452.00          778.00         1230.00
1990-1994       14               530.00          952.00         1482.00
1990-1994       15               615.00         1140.00         1755.00
1990-1994       16               671.00         1404.00         2075.00
1990-1994       17               713.00         1523.00         2236.00
1990-1994       18               691.00         1625.00         2316.00
1990-1994       19               717.00         1834.00         2551.00
1990-1994       20               767.00         1863.00         2630.00
1990-1994       21               771.00         1802.00         2573.00
1990-1994       22               787.00         1808.00         2595.00
1990-1994       23               808.00         1872.00         2680.00
1990-1994       24               783.00         1770.00         2553.00
1990-1994       25               766.00         1847.00         2613.00
1990-1994       26               826.00         1784.00         2610.00
1990-1994       27               808.00         1726.00         2534.00
1990-1994       28               933.00         1742.00         2675.00
1990-1994       29               927.00         1813.00         2740.00
1990-1994       30               970.00         2090.00         3060.00
1990-1994       31               993.00         1823.00         2816.00
1990-1994       32              1092.00         1813.00         2905.00
1990-1994       33              1165.00         1917.00         3082.00
1990-1994       34              1193.00         2112.00         3305.00
1990-1994       35              1310.00         2305.00         3615.00
1990-1994       36              1328.00         2144.00         3472.00
1990-1994       37              1545.00         2469.00         4014.00
1990-1994       38              1753.00         2575.00         4328.00
1990-1994       39              1744.00         2949.00         4693.00
1990-1994       40              1963.00         3460.00         5423.00
1990-1994       41              1980.00         3316.00         5296.00
1990-1994       42              2198.00         3694.00         5892.00
1990-1994       43              2281.00         3863.00         6144.00
1990-1994       44              2299.00         4144.00         6443.00
1990-1994       45              2470.00         4699.00         7169.00
1990-1994       46              2610.00         4774.00         7384.00
1990-1994       47              2765.00         5096.00         7861.00
1990-1994       48              2819.00         5387.00         8206.00
1990-1994       49              2978.00         5804.00         8782.00
1990-1994       50              3301.00         6765.00        10066.00
1990-1994       51              3375.00         6594.00         9969.00
1990-1994       52              3615.00         7163.00        10778.00
1990-1994       53              3550.00         7659.00        11209.00
1990-1994       54              3855.00         8176.00        12031.00
1990-1994       55              4065.00         9022.00        13087.00
1990-1994       56              4347.00         9124.00        13471.00
1990-1994       57              4815.00         9766.00        14581.00
1990-1994       58              5141.00        10918.00        16059.00
1990-1994       59              5463.00        11415.00        16878.00
1990-1994       60              5985.00        13060.00        19045.00
1990-1994       61              6491.00        13081.00        19572.00
1990-1994       62              7053.00        13954.00        21007.00
1990-1994       63              7484.00        14312.00        21796.00
1990-1994       64              7975.00        15188.00        23163.00
1990-1994       65              8292.00        15779.00        24071.00
1990-1994       66              8664.00        15625.00        24289.00
1990-1994       67              9245.00        16424.00        25669.00
1990-1994       68              9935.00        16889.00        26824.00
1990-1994       69             10724.00        17478.00        28202.00
1990-1994       70             11132.00        18071.00        29203.00
1990-1994       71             11525.00        17370.00        28895.00
1990-1994       72             11964.00        17471.00        29435.00
1990-1994       73             12234.00        16785.00        29019.00
1990-1994       74             12986.00        16893.00        29879.00
1990-1994       75             13948.00        16851.00        30799.00
1990-1994       76             14762.00        17065.00        31827.00
1990-1994       77             15522.00        17324.00        32846.00
1990-1994       78             16782.00        17528.00        34310.00
1990-1994       79             17298.00        17011.00        34309.00
1990-1994       80             18091.00        16869.00        34960.00
1990-1994       81             17899.00        15670.00        33569.00
1990-1994       82             18092.00        15047.00        33139.00
1990-1994       83             17794.00        13873.00        31667.00
1990-1994       84             17081.00        12718.00        29799.00
1990-1994       85             16524.00        11616.00        28140.00
1990-1994       86             15451.00        10316.00        25767.00
1990-1994       87             14277.00         9069.00        23346.00
1990-1994       88             13181.00         7926.00        21107.00
1990-1994       89             11881.00         6927.00        18808.00
1990-1994       90             10263.00         5203.00        15466.00
1990-1994       91              8591.00         4285.00        12876.00
1990-1994       92              6966.00         3243.00        10209.00
1990-1994       93              5285.00         2378.00         7663.00
1990-1994       94              4250.00         1812.00         6062.00
1990-1994       95              3130.00         1308.00         4438.00
1990-1994       96              2310.00          929.00         3239.00
1990-1994       97              1699.00          622.00         2321.00
1990-1994       98              1195.00          431.00         1626.00
1990-1994       99              1025.73          471.66         1497.39
1990-1994      100               496.92          184.62          681.54
1990-1994      101               312.58          117.27          429.85
1990-1994      102               190.06           72.34          262.40
1990-1994      103               111.67           43.41          155.08
1990-1994      104                63.55           25.39           88.94
1990-1994      105                35.11           14.53           49.64
1990-1994      106                18.86            8.09           26.95
1990-1994      107                 9.87            4.42           14.29
1990-1994      108                 4.81            0.97            5.78
1990-1994      109                 1.85            0.00            1.85
1990-1994      110+                0.00            0.00            0.00
1995-1999        0             29178.00        38181.00        67359.00
1995-1999        1              2235.00         2723.00         4958.00
1995-1999        2              1284.00         1590.00         2874.00
1995-1999        3               802.00         1019.00         1821.00
1995-1999        4               563.00          855.00         1418.00
1995-1999        5               441.00          645.00         1086.00
1995-1999        6               425.00          576.00         1001.00
1995-1999        7               405.00          561.00          966.00
1995-1999        8               348.00          521.00          869.00
1995-1999        9               370.00          518.00          888.00
1995-1999       10               391.00          505.00          896.00
1995-1999       11               391.00          521.00          912.00
1995-1999       12               389.00          566.00          955.00
1995-1999       13               426.00          747.00         1173.00
1995-1999       14               560.00          858.00         1418.00
1995-1999       15               662.00         1166.00         1828.00
1995-1999       16               768.00         1511.00         2279.00
1995-1999       17               804.00         1885.00         2689.00
1995-1999       18               824.00         2154.00         2978.00
1995-1999       19               840.00         2266.00         3106.00
1995-1999       20               927.00         2433.00         3360.00
1995-1999       21               868.00         2251.00         3119.00
1995-1999       22               898.00         2262.00         3160.00
1995-1999       23               873.00         2375.00         3248.00
1995-1999       24               902.00         2293.00         3195.00
1995-1999       25               973.00         2441.00         3414.00
1995-1999       26               938.00         2327.00         3265.00
1995-1999       27               995.00         2305.00         3300.00
1995-1999       28               948.00         2294.00         3242.00
1995-1999       29              1054.00         2230.00         3284.00
1995-1999       30              1115.00         2563.00         3678.00
1995-1999       31              1056.00         2227.00         3283.00
1995-1999       32              1153.00         2275.00         3428.00
1995-1999       33              1193.00         2331.00         3524.00
1995-1999       34              1250.00         2281.00         3531.00
1995-1999       35              1339.00         2653.00         3992.00
1995-1999       36              1391.00         2606.00         3997.00
1995-1999       37              1434.00         2645.00         4079.00
1995-1999       38              1624.00         2781.00         4405.00
1995-1999       39              1747.00         2960.00         4707.00
1995-1999       40              1861.00         3439.00         5300.00
1995-1999       41              2021.00         3308.00         5329.00
1995-1999       42              2128.00         3694.00         5822.00
1995-1999       43              2358.00         3928.00         6286.00
1995-1999       44              2469.00         4347.00         6816.00
1995-1999       45              2697.00         4944.00         7641.00
1995-1999       46              2699.00         5166.00         7865.00
1995-1999       47              2952.00         5492.00         8444.00
1995-1999       48              3181.00         5944.00         9125.00
1995-1999       49              3540.00         6378.00         9918.00
1995-1999       50              3612.00         7355.00        10967.00
1995-1999       51              3851.00         7007.00        10858.00
1995-1999       52              3960.00         7528.00        11488.00
1995-1999       53              4039.00         8236.00        12275.00
1995-1999       54              4240.00         8414.00        12654.00
1995-1999       55              4395.00         9294.00        13689.00
1995-1999       56              4875.00         9696.00        14571.00
1995-1999       57              4937.00         9967.00        14904.00
1995-1999       58              5066.00        10619.00        15685.00
1995-1999       59              5583.00        11054.00        16637.00
1995-1999       60              5941.00        12484.00        18425.00
1995-1999       61              6192.00        12212.00        18404.00
1995-1999       62              6608.00        13298.00        19906.00
1995-1999       63              7086.00        14296.00        21382.00
1995-1999       64              7984.00        15311.00        23295.00
1995-1999       65              8574.00        16321.00        24895.00
1995-1999       66              9012.00        17010.00        26022.00
1995-1999       67              9889.00        17681.00        27570.00
1995-1999       68             10498.00        18419.00        28917.00
1995-1999       69             11248.00        18655.00        29903.00
1995-1999       70             11844.00        19352.00        31196.00
1995-1999       71             12312.00        19466.00        31778.00
1995-1999       72             13434.00        19830.00        33264.00
1995-1999       73             14179.00        19986.00        34165.00
1995-1999       74             14827.00        20523.00        35350.00
1995-1999       75             15556.00        20142.00        35698.00
1995-1999       76             16235.00        19798.00        36033.00
1995-1999       77             16269.00        18976.00        35245.00
1995-1999       78             16871.00        18294.00        35165.00
1995-1999       79             17585.00        17917.00        35502.00
1995-1999       80             18153.00        17200.00        35353.00
1995-1999       81             19111.00        16889.00        36000.00
1995-1999       82             19572.00        16641.00        36213.00
1995-1999       83             20269.00        15951.00        36220.00
1995-1999       84             20532.00        15104.00        35636.00
1995-1999       85             20425.00        14054.00        34479.00
1995-1999       86             19303.00        12799.00        32102.00
1995-1999       87             18026.00        11083.00        29109.00
1995-1999       88             16590.00         9545.00        26135.00
1995-1999       89             15126.00         8234.00        23360.00
1995-1999       90             13055.00         6900.00        19955.00
1995-1999       91             11276.00         5563.00        16839.00
1995-1999       92              9639.00         4376.00        14015.00
1995-1999       93              7886.00         3422.00        11308.00
1995-1999       94              6452.00         2641.00         9093.00
1995-1999       95              4946.00         2004.00         6950.00
1995-1999       96              3591.00         1282.00         4873.00
1995-1999       97              2567.00          966.00         3533.00
1995-1999       98              1744.00          596.00         2340.00
1995-1999       99              1362.00          580.00         1942.00
1995-1999      100               720.65          208.98          929.63
1995-1999      101               451.67          126.89          578.56
1995-1999      102               274.56           74.78          349.34
1995-1999      103               158.33           42.26          200.59
1995-1999      104                87.91           23.26          111.17
1995-1999      105                47.55           12.50           60.05
1995-1999      106                24.97            6.54           31.51
1995-1999      107                12.70            2.84           15.54
1995-1999      108                 6.27            0.00            6.27
1995-1999      109                 2.38            0.00            2.38
1995-1999      110+                0.00            0.00            0.00
2000-2004        0             24844.00        31802.00        56646.00
2000-2004        1              1709.00         1908.00         3617.00
2000-2004        2              1129.00         1403.00         2532.00
2000-2004        3               715.00          926.00         1641.00
2000-2004        4               507.00          709.00         1216.00
2000-2004        5               457.00          595.00         1052.00
2000-2004        6               368.00          529.00          897.00
2000-2004        7               395.00          488.00          883.00
2000-2004        8               338.00          470.00          808.00
2000-2004        9               349.00          478.00          827.00
2000-2004       10               365.00          470.00          835.00
2000-2004       11               354.00          475.00          829.00
2000-2004       12               388.00          552.00          940.00
2000-2004       13               424.00          665.00         1089.00
2000-2004       14               499.00          848.00         1347.00
2000-2004       15               647.00         1164.00         1811.00
2000-2004       16               667.00         1513.00         2180.00
2000-2004       17               738.00         1824.00         2562.00
2000-2004       18               716.00         2193.00         2909.00
2000-2004       19               755.00         2286.00         3041.00
2000-2004       20               779.00         2530.00         3309.00
2000-2004       21               779.00         2372.00         3151.00
2000-2004       22               788.00         2542.00         3330.00
2000-2004       23               845.00         2505.00         3350.00
2000-2004       24               847.00         2375.00         3222.00
2000-2004       25               896.00         2503.00         3399.00
2000-2004       26               839.00         2297.00         3136.00
2000-2004       27               849.00         2152.00         3001.00
2000-2004       28               924.00         2133.00         3057.00
2000-2004       29              1003.00         2183.00         3186.00
2000-2004       30              1068.00         2372.00         3440.00
2000-2004       31              1046.00         2262.00         3308.00
2000-2004       32              1064.00         2206.00         3270.00
2000-2004       33              1141.00         2241.00         3382.00
2000-2004       34              1180.00         2278.00         3458.00
2000-2004       35              1187.00         2508.00         3695.00
2000-2004       36              1315.00         2327.00         3642.00
2000-2004       37              1405.00         2470.00         3875.00
2000-2004       38              1567.00         2677.00         4244.00
2000-2004       39              1616.00         2617.00         4233.00
2000-2004       40              1788.00         3112.00         4900.00
2000-2004       41              1803.00         3056.00         4859.00
2000-2004       42              1988.00         3453.00         5441.00
2000-2004       43              2276.00         3614.00         5890.00
2000-2004       44              2456.00         3992.00         6448.00
2000-2004       45              2543.00         4535.00         7078.00
2000-2004       46              2785.00         4730.00         7515.00
2000-2004       47              2870.00         5095.00         7965.00
2000-2004       48              3277.00         5658.00         8935.00
2000-2004       49              3467.00         6148.00         9615.00
2000-2004       50              3765.00         7219.00        10984.00
2000-2004       51              3893.00         7043.00        10936.00
2000-2004       52              4340.00         7817.00        12157.00
2000-2004       53              4652.00         8181.00        12833.00
2000-2004       54              4724.00         8806.00        13530.00
2000-2004       55              5007.00         9533.00        14540.00
2000-2004       56              5184.00         9962.00        15146.00
2000-2004       57              5343.00        10329.00        15672.00
2000-2004       58              5625.00        10932.00        16557.00
2000-2004       59              5912.00        11095.00        17007.00
2000-2004       60              6162.00        12478.00        18640.00
2000-2004       61              6472.00        12175.00        18647.00
2000-2004       62              6644.00        13268.00        19912.00
2000-2004       63              7271.00        13783.00        21054.00
2000-2004       64              7670.00        14236.00        21906.00
2000-2004       65              8165.00        15283.00        23448.00
2000-2004       66              8646.00        15383.00        24029.00
2000-2004       67              9144.00        16077.00        25221.00
2000-2004       68              9935.00        17518.00        27453.00
2000-2004       69             10715.00        17911.00        28626.00
2000-2004       70             11752.00        19743.00        31495.00
2000-2004       71             12560.00        19979.00        32539.00
2000-2004       72             13624.00        20569.00        34193.00
2000-2004       73             14573.00        21196.00        35769.00
2000-2004       74             15751.00        21361.00        37112.00
2000-2004       75             16606.00        21840.00        38446.00
2000-2004       76             17180.00        21663.00        38843.00
2000-2004       77             18045.00        21465.00        39510.00
2000-2004       78             18843.00        21958.00        40801.00
2000-2004       79             19876.00        21248.00        41124.00
2000-2004       80             21042.00        20423.00        41465.00
2000-2004       81             20852.00        19603.00        40455.00
2000-2004       82             21342.00        18155.00        39497.00
2000-2004       83             21522.00        16823.00        38345.00
2000-2004       84             21121.00        15634.00        36755.00
2000-2004       85             20925.00        14690.00        35615.00
2000-2004       86             21151.00        13521.00        34672.00
2000-2004       87             20752.00        12540.00        33292.00
2000-2004       88             20370.00        11216.00        31586.00
2000-2004       89             19164.00        10072.00        29236.00
2000-2004       90             17550.00         8822.00        26372.00
2000-2004       91             15170.00         7117.00        22287.00
2000-2004       92             13124.00         5752.00        18876.00
2000-2004       93             10744.00         4478.00        15222.00
2000-2004       94              8710.00         3439.00        12149.00
2000-2004       95              6834.00         2509.00         9343.00
2000-2004       96              5247.00         1815.00         7062.00
2000-2004       97              3872.00         1215.00         5087.00
2000-2004       98              2706.00          924.00         3630.00
2000-2004       99              2147.00          672.00         2819.00
2000-2004      100              1297.12          378.68         1675.80
2000-2004      101               817.97          233.21         1051.18
2000-2004      102               498.78          141.27          640.05
2000-2004      103               297.91           84.01          381.92
2000-2004      104               170.45           47.80          218.25
2000-2004      105                93.79           26.25          120.04
2000-2004      106                51.00           14.39           65.39
2000-2004      107                26.96            7.73           34.69
2000-2004      108                13.62            3.75           17.37
2000-2004      109                 6.69            0.93            7.62
2000-2004      110+                2.73            0.00            2.73
2005-2009        0             20142.00        26128.00        46270.00
2005-2009        1              1512.00         1674.00         3186.00
2005-2009        2               960.00         1139.00         2099.00
2005-2009        3               618.00          781.00         1399.00
2005-2009        4               491.00          583.00         1074.00
2005-2009        5               470.00          535.00         1005.00
2005-2009        6               360.00          465.00          825.00
2005-2009        7               362.00          500.00          862.00
2005-2009        8               362.00          455.00          817.00
2005-2009        9               336.00          465.00          801.00
2005-2009       10               381.00          461.00          842.00
2005-2009       11               350.00          536.00          886.00
2005-2009       12               411.00          582.00          993.00
2005-2009       13               497.00          688.00         1185.00
2005-2009       14               497.00          894.00         1391.00
2005-2009       15               696.00         1072.00         1768.00
2005-2009       16               733.00         1441.00         2174.00
2005-2009       17               768.00         1919.00         2687.00
2005-2009       18               771.00         2193.00         2964.00
2005-2009       19               778.00         2332.00         3110.00
2005-2009       20               785.00         2320.00         3105.00
2005-2009       21               777.00         2396.00         3173.00
2005-2009       22               794.00         2297.00         3091.00
2005-2009       23               836.00         2350.00         3186.00
2005-2009       24               842.00         2310.00         3152.00
2005-2009       25               891.00         2388.00         3279.00
2005-2009       26               917.00         2285.00         3202.00
2005-2009       27               965.00         2272.00         3237.00
2005-2009       28               979.00         2416.00         3395.00
2005-2009       29               999.00         2376.00         3375.00
2005-2009       30              1048.00         2404.00         3452.00
2005-2009       31              1093.00         2183.00         3276.00
2005-2009       32              1113.00         2226.00         3339.00
2005-2009       33              1155.00         2234.00         3389.00
2005-2009       34              1245.00         2270.00         3515.00
2005-2009       35              1356.00         2445.00         3801.00
2005-2009       36              1381.00         2388.00         3769.00
2005-2009       37              1366.00         2517.00         3883.00
2005-2009       38              1558.00         2620.00         4178.00
2005-2009       39              1559.00         2669.00         4228.00
2005-2009       40              1713.00         3023.00         4736.00
2005-2009       41              1816.00         3134.00         4950.00
2005-2009       42              1987.00         3190.00         5177.00
2005-2009       43              2117.00         3353.00         5470.00
2005-2009       44              2262.00         3723.00         5985.00
2005-2009       45              2525.00         4267.00         6792.00
2005-2009       46              2661.00         4428.00         7089.00
2005-2009       47              2916.00         4754.00         7670.00
2005-2009       48              3236.00         5275.00         8511.00
2005-2009       49              3453.00         5925.00         9378.00
2005-2009       50              3799.00         6905.00        10704.00
2005-2009       51              4027.00         7021.00        11048.00
2005-2009       52              4193.00         7555.00        11748.00
2005-2009       53              4586.00         7992.00        12578.00
2005-2009       54              4913.00         8794.00        13707.00
2005-2009       55              5130.00         9614.00        14744.00
2005-2009       56              5540.00        10142.00        15682.00
2005-2009       57              5830.00        10720.00        16550.00
2005-2009       58              6082.00        11314.00        17396.00
2005-2009       59              6503.00        11756.00        18259.00
2005-2009       60              7015.00        13276.00        20291.00
2005-2009       61              7089.00        13123.00        20212.00
2005-2009       62              7713.00        13504.00        21217.00
2005-2009       63              7819.00        14219.00        22038.00
2005-2009       64              8124.00        14681.00        22805.00
2005-2009       65              8685.00        15603.00        24288.00
2005-2009       66              8750.00        15465.00        24215.00
2005-2009       67              9541.00        16488.00        26029.00
2005-2009       68             10035.00        17018.00        27053.00
2005-2009       69             10564.00        17403.00        27967.00
2005-2009       70             11361.00        18512.00        29873.00
2005-2009       71             11758.00        18331.00        30089.00
2005-2009       72             12738.00        18780.00        31518.00
2005-2009       73             13422.00        19864.00        33286.00
2005-2009       74             14965.00        20692.00        35657.00
2005-2009       75             16162.00        21502.00        37664.00
2005-2009       76             17454.00        21851.00        39305.00
2005-2009       77             18775.00        22137.00        40912.00
2005-2009       78             20055.00        22476.00        42531.00
2005-2009       79             20966.00        22167.00        43133.00
2005-2009       80             22155.00        21903.00        44058.00
2005-2009       81             22800.00        21196.00        43996.00
2005-2009       82             23648.00        20750.00        44398.00
2005-2009       83             24561.00        19821.00        44382.00
2005-2009       84             24835.00        18864.00        43699.00
2005-2009       85             24539.00        17286.00        41825.00
2005-2009       86             24370.00        15668.00        40038.00
2005-2009       87             22744.00        13794.00        36538.00
2005-2009       88             21492.00        12228.00        33720.00
2005-2009       89             20306.00        10600.00        30906.00
2005-2009       90             18459.00         8871.00        27330.00
2005-2009       91             17164.00         7484.00        24648.00
2005-2009       92             15587.00         6207.00        21794.00
2005-2009       93             13500.00         5233.00        18733.00
2005-2009       94             11389.00         4080.00        15469.00
2005-2009       95              9294.00         3063.00        12357.00
2005-2009       96              7085.00         2313.00         9398.00
2005-2009       97              5325.00         1603.00         6928.00
2005-2009       98              3876.00         1100.00         4976.00
2005-2009       99              2681.00          765.00         3446.00
2005-2009      100              1722.40          419.51         2141.91
2005-2009      101              1122.80          263.42         1386.22
2005-2009      102               703.58          159.89          863.47
2005-2009      103               424.33           94.75          519.08
2005-2009      104               248.89           54.78          303.67
2005-2009      105               140.66           30.56          171.22
2005-2009      106                75.26           16.34           91.60
2005-2009      107                38.98            8.55           47.53
2005-2009      108                19.81            4.37           24.18
2005-2009      109                 9.75            0.80           10.55
2005-2009      110+                5.49            0.00            5.49
2010-2013        0             15162.00        19258.00        34420.00
2010-2013        1               993.00         1236.00         2229.00
2010-2013        2               688.00          816.00         1504.00
2010-2013        3               433.00          597.00         1030.00
2010-2013        4               341.00          446.00          787.00
2010-2013        5               291.00          378.00          669.00
2010-2013        6               248.00          345.00          593.00
2010-2013        7               244.00          327.00          571.00
2010-2013        8               210.00          317.00          527.00
2010-2013        9               252.00          300.00          552.00
2010-2013       10               242.00          329.00          571.00
2010-2013       11               246.00          337.00          583.00
2010-2013       12               312.00          440.00          752.00
2010-2013       13               350.00          494.00          844.00
2010-2013       14               404.00          670.00         1074.00
2010-2013       15               544.00          924.00         1468.00
2010-2013       16               621.00         1386.00         2007.00
2010-2013       17               620.00         1720.00         2340.00
2010-2013       18               708.00         1967.00         2675.00
2010-2013       19               690.00         2216.00         2906.00
2010-2013       20               719.00         2332.00         3051.00
2010-2013       21               723.00         2202.00         2925.00
2010-2013       22               634.00         2192.00         2826.00
2010-2013       23               718.00         2126.00         2844.00
2010-2013       24               646.00         2012.00         2658.00
2010-2013       25               692.00         2024.00         2716.00
2010-2013       26               716.00         1975.00         2691.00
2010-2013       27               730.00         1921.00         2651.00
2010-2013       28               779.00         1920.00         2699.00
2010-2013       29               835.00         1923.00         2758.00
2010-2013       30               906.00         2099.00         3005.00
2010-2013       31               971.00         2014.00         2985.00
2010-2013       32              1015.00         2036.00         3051.00
2010-2013       33              1051.00         2059.00         3110.00
2010-2013       34              1103.00         1978.00         3081.00
2010-2013       35              1094.00         2178.00         3272.00
2010-2013       36              1228.00         2131.00         3359.00
2010-2013       37              1261.00         2178.00         3439.00
2010-2013       38              1259.00         2195.00         3454.00
2010-2013       39              1409.00         2272.00         3681.00
2010-2013       40              1452.00         2571.00         4023.00
2010-2013       41              1605.00         2475.00         4080.00
2010-2013       42              1629.00         2687.00         4316.00
2010-2013       43              1699.00         2736.00         4435.00
2010-2013       44              1797.00         2950.00         4747.00
2010-2013       45              1969.00         3292.00         5261.00
2010-2013       46              2077.00         3412.00         5489.00
2010-2013       47              2410.00         3770.00         6180.00
2010-2013       48              2571.00         4178.00         6749.00
2010-2013       49              2780.00         4399.00         7179.00
2010-2013       50              2949.00         5010.00         7959.00
2010-2013       51              3123.00         5207.00         8330.00
2010-2013       52              3447.00         5705.00         9152.00
2010-2013       53              3694.00         6192.00         9886.00
2010-2013       54              3920.00         6720.00        10640.00
2010-2013       55              4352.00         7572.00        11924.00
2010-2013       56              4562.00         7953.00        12515.00
2010-2013       57              4787.00         8436.00        13223.00
2010-2013       58              5214.00         9146.00        14360.00
2010-2013       59              5509.00         9797.00        15306.00
2010-2013       60              5946.00        10561.00        16507.00
2010-2013       61              6121.00        11049.00        17170.00
2010-2013       62              6719.00        11617.00        18336.00
2010-2013       63              7091.00        12075.00        19166.00
2010-2013       64              7411.00        12421.00        19832.00
2010-2013       65              7680.00        13284.00        20964.00
2010-2013       66              7975.00        13681.00        21656.00
2010-2013       67              8456.00        14030.00        22486.00
2010-2013       68              8749.00        14500.00        23249.00
2010-2013       69              9024.00        14670.00        23694.00
2010-2013       70              9499.00        15199.00        24698.00
2010-2013       71             10207.00        15247.00        25454.00
2010-2013       72             10688.00        15879.00        26567.00
2010-2013       73             11245.00        15883.00        27128.00
2010-2013       74             11791.00        16122.00        27913.00
2010-2013       75             12606.00        16583.00        29189.00
2010-2013       76             13369.00        16600.00        29969.00
2010-2013       77             14226.00        16870.00        31096.00
2010-2013       78             15292.00        17452.00        32744.00
2010-2013       79             16565.00        17649.00        34214.00
2010-2013       80             18082.00        18150.00        36232.00
2010-2013       81             19188.00        18063.00        37251.00
2010-2013       82             20411.00        17761.00        38172.00
2010-2013       83             21224.00        17236.00        38460.00
2010-2013       84             21686.00        16414.00        38100.00
2010-2013       85             22270.00        15492.00        37762.00
2010-2013       86             22234.00        14597.00        36831.00
2010-2013       87             21955.00        13624.00        35579.00
2010-2013       88             21213.00        12265.00        33478.00
2010-2013       89             20122.00        10942.00        31064.00
2010-2013       90             18706.00         9271.00        27977.00
2010-2013       91             16798.00         7572.00        24370.00
2010-2013       92             14249.00         6147.00        20396.00
2010-2013       93             11945.00         4683.00        16628.00
2010-2013       94             10073.00         3609.00        13682.00
2010-2013       95              8532.00         2821.00        11353.00
2010-2013       96              6999.00         2102.00         9101.00
2010-2013       97              5372.00         1538.00         6910.00
2010-2013       98              4076.00         1119.00         5195.00
2010-2013       99              3105.00          867.00         3972.00
2010-2013      100              1942.36          475.22         2417.58
2010-2013      101              1299.48          302.99         1602.47
2010-2013      102               841.03          187.48         1028.51
2010-2013      103               527.29          112.81          640.10
2010-2013      104               318.10           66.52          384.62
2010-2013      105               185.59           38.07          223.66
2010-2013      106               105.24           21.09          126.33
2010-2013      107                57.67           11.41           69.08
2010-2013      108                30.72            6.03           36.75
2010-2013      109                15.91            3.12           19.03
2010-2013      110+               12.63            0.25           12.88
