ARG, Exposure to risk (period 1x5), 	Last modified: 04 ago. 2019; MPv5 (May07)

  Year          Age             Female            Male           Total
1990-1994        0           1655227.91      1735918.81      3391146.72
1990-1994        1           1670656.73      1741639.70      3412296.43
1990-1994        2           1677619.62      1742512.80      3420132.42
1990-1994        3           1671013.17      1730675.24      3401688.41
1990-1994        4           1655633.26      1711974.44      3367607.70
1990-1994        5           1634754.98      1689895.11      3324650.10
1990-1994        6           1617229.86      1671534.03      3288763.89
1990-1994        7           1609274.01      1662308.88      3271582.89
1990-1994        8           1609230.16      1660686.62      3269916.77
1990-1994        9           1615830.17      1665450.40      3281280.57
1990-1994       10           1628614.13      1676143.64      3304757.77
1990-1994       11           1645301.82      1690515.24      3335817.06
1990-1994       12           1658690.60      1701454.42      3360145.02
1990-1994       13           1659699.76      1699970.45      3359670.21
1990-1994       14           1642872.62      1680614.20      3323486.82
1990-1994       15           1607167.96      1642347.48      3249515.44
1990-1994       16           1555495.37      1588033.77      3143529.14
1990-1994       17           1495708.32      1525614.20      3021322.51
1990-1994       18           1437429.46      1464899.76      2902329.22
1990-1994       19           1386045.42      1411299.14      2797344.56
1990-1994       20           1342100.76      1365379.76      2707480.51
1990-1994       21           1304751.02      1326273.56      2631024.58
1990-1994       22           1273003.18      1292747.87      2565751.05
1990-1994       23           1245856.40      1263569.14      2509425.54
1990-1994       24           1223197.77      1238599.12      2461796.90
1990-1994       25           1205531.98      1218363.93      2423895.91
1990-1994       26           1192577.07      1202586.20      2395163.27
1990-1994       27           1182869.50      1189444.58      2372314.07
1990-1994       28           1174545.82      1176423.33      2350969.14
1990-1994       29           1166483.82      1161926.44      2328410.26
1990-1994       30           1158359.97      1145374.64      2303734.61
1990-1994       31           1150031.40      1127292.69      2277324.09
1990-1994       32           1141455.05      1109268.82      2250723.87
1990-1994       33           1132633.72      1093024.00      2225657.71
1990-1994       34           1123445.16      1079407.66      2202852.82
1990-1994       35           1113640.73      1068344.99      2181985.72
1990-1994       36           1102997.66      1059326.56      2162324.22
1990-1994       37           1090987.43      1050543.96      2141531.38
1990-1994       38           1076878.92      1039697.63      2116576.55
1990-1994       39           1060391.77      1025545.38      2085937.15
1990-1994       40           1041506.19      1007845.51      2049351.70
1990-1994       41           1020542.06       987353.20      2007895.26
1990-1994       42            998079.06       965116.97      1963196.03
1990-1994       43            974684.42       942205.51      1916889.94
1990-1994       44            950818.81       919299.45      1870118.26
1990-1994       45            926616.65       896361.13      1822977.78
1990-1994       46            902263.54       873558.75      1775822.30
1990-1994       47            878370.71       851090.04      1729460.75
1990-1994       48            855847.74       829043.89      1684891.62
1990-1994       49            835267.42       807526.11      1642793.53
1990-1994       50            816631.74       786348.58      1602980.32
1990-1994       51            799925.38       766034.49      1565959.87
1990-1994       52            785097.11       747061.00      1532158.10
1990-1994       53            772172.46       729558.72      1501731.18
1990-1994       54            761085.34       713779.91      1474865.25
1990-1994       55            751574.30       699419.72      1450994.02
1990-1994       56            743431.05       686477.93      1429908.98
1990-1994       57            736118.90       674676.05      1410794.95
1990-1994       58            729078.04       663080.27      1392158.30
1990-1994       59            722022.55       651424.21      1373446.76
1990-1994       60            714749.91       639253.23      1354003.14
1990-1994       61            707013.51       626600.23      1333613.75
1990-1994       62            698016.00       612980.22      1310996.21
1990-1994       63            686773.75       597122.83      1283896.58
1990-1994       64            672739.99       578272.60      1251012.59
1990-1994       65            655845.03       556193.20      1212038.23
1990-1994       66            636429.11       531704.93      1168134.03
1990-1994       67            614879.02       505269.92      1120148.94
1990-1994       68            591533.48       477316.29      1068849.77
1990-1994       69            566555.55       448362.13      1014917.67
1990-1994       70            540063.75       418422.56       958486.31
1990-1994       71            512329.36       388367.58       900696.94
1990-1994       72            483808.89       358864.89       842673.78
1990-1994       73            455289.66       330314.20       785603.85
1990-1994       74            427858.98       302920.31       730779.29
1990-1994       75            402136.20       276899.97       679036.16
1990-1994       76            377774.62       252774.61       630549.23
1990-1994       77            354707.31       230638.12       585345.42
1990-1994       78            332584.59       210413.36       542997.95
1990-1994       79            308962.75       190532.44       499495.19
1990-1994       80            291889.09       171372.53       463261.63
1990-1994       81            262675.19       149967.48       412642.66
1990-1994       82            232683.12       129157.34       361840.45
1990-1994       83            203106.51       109279.69       312386.19
1990-1994       84            175086.55        91505.27       266591.83
1990-1994       85            149261.85        75920.34       225182.20
1990-1994       86            125753.16        62057.18       187810.34
1990-1994       87            104505.68        49826.32       154332.00
1990-1994       88             85630.22        39292.87       124923.09
1990-1994       89             69076.42        30253.81        99330.23
1990-1994       90             54231.47        22745.78        76977.26
1990-1994       91             41054.87        16666.48        57721.35
1990-1994       92             30162.86        11957.03        42119.88
1990-1994       93             21783.48         8511.32        30294.80
1990-1994       94             15330.54         5887.24        21217.79
1990-1994       95             10512.24         3935.13        14447.36
1990-1994       96              7199.32         2615.83         9815.15
1990-1994       97              4851.16         1749.23         6600.39
1990-1994       98              3159.42         1168.34         4327.76
1990-1994       99              1888.57          684.84         2573.41
1990-1994      100              1076.63          358.75         1435.37
1990-1994      101               627.57          211.06          838.63
1990-1994      102               354.07          120.08          474.15
1990-1994      103               193.03           65.74          258.77
1990-1994      104               101.50           34.69          136.19
1990-1994      105                51.27           17.30           68.57
1990-1994      106                24.42            7.47           31.89
1990-1994      107                10.45            2.25           12.70
1990-1994      108                 3.51            0.21            3.71
1990-1994      109                 0.53            0.00            0.53
1990-1994      110+                0.00            0.00            0.00
1995-1999        0           1634347.56      1719868.02      3354215.58
1995-1999        1           1635971.16      1713843.29      3349814.45
1995-1999        2           1642698.24      1716884.98      3359583.22
1995-1999        3           1653575.49      1725519.86      3379095.35
1995-1999        4           1667388.44      1736621.73      3404010.17
1995-1999        5           1680305.84      1745612.51      3425918.35
1995-1999        6           1686701.03      1748310.69      3435011.72
1995-1999        7           1682539.57      1741167.82      3423707.39
1995-1999        8           1670794.47      1726949.16      3397743.63
1995-1999        9           1654717.17      1709102.45      3363819.62
1995-1999       10           1636711.16      1689740.94      3326452.09
1995-1999       11           1621592.07      1673124.91      3294716.99
1995-1999       12           1612666.15      1662430.54      3275096.69
1995-1999       13           1610882.92      1658604.92      3269487.83
1995-1999       14           1616587.30      1662046.99      3278634.29
1995-1999       15           1629517.78      1672470.92      3301988.70
1995-1999       16           1645512.22      1685661.67      3331173.89
1995-1999       17           1655641.48      1692713.01      3348354.49
1995-1999       18           1651566.01      1685339.33      3336905.34
1995-1999       19           1629660.80      1660097.75      3289758.55
1995-1999       20           1590341.69      1617531.04      3207872.74
1995-1999       21           1538237.08      1562396.06      3100633.14
1995-1999       22           1481733.11      1503191.41      2984924.52
1995-1999       23           1428227.07      1447217.65      2875444.73
1995-1999       24           1380455.59      1397243.53      2777699.12
1995-1999       25           1338193.50      1353004.00      2691197.50
1995-1999       26           1300968.62      1313908.57      2614877.18
1995-1999       27           1268328.82      1279422.08      2547750.91
1995-1999       28           1240242.47      1249319.41      2489561.88
1995-1999       29           1217291.00      1224227.31      2441518.31
1995-1999       30           1199835.33      1204421.42      2404256.75
1995-1999       31           1187102.56      1188950.47      2376053.03
1995-1999       32           1177125.83      1175415.97      2352541.80
1995-1999       33           1168143.86      1161325.38      2329469.23
1995-1999       34           1159474.86      1145713.02      2305187.88
1995-1999       35           1150903.30      1128319.71      2279223.01
1995-1999       36           1142288.54      1109890.77      2252179.31
1995-1999       37           1133606.80      1092242.00      2225848.80
1995-1999       38           1124704.17      1076796.20      2201500.38
1995-1999       39           1115277.44      1063905.43      2179182.87
1995-1999       40           1105082.52      1052997.35      2158079.87
1995-1999       41           1093777.87      1043216.95      2136994.82
1995-1999       42           1080868.91      1032825.39      2113694.30
1995-1999       43           1065833.05      1019951.88      2085784.93
1995-1999       44           1048439.61      1003905.41      2052345.02
1995-1999       45           1028716.57       984632.61      2013349.18
1995-1999       46           1007118.90       962855.61      1969974.50
1995-1999       47            984251.43       939730.14      1923981.57
1995-1999       48            960432.35       915988.25      1876420.60
1995-1999       49            935809.08       891888.70      1827697.77
1995-1999       50            910633.86       867225.88      1777859.74
1995-1999       51            885371.73       842507.11      1727878.84
1995-1999       52            860721.78       818108.07      1678829.85
1995-1999       53            837514.13       793775.15      1631289.28
1995-1999       54            816155.46       769914.56      1586070.02
1995-1999       55            796745.65       746569.77      1543315.42
1995-1999       56            779032.24       723844.57      1502876.81
1995-1999       57            762939.17       702359.97      1465299.15
1995-1999       58            748654.44       682342.49      1430996.93
1995-1999       59            736010.97       663908.44      1399919.41
1995-1999       60            724790.74       646511.19      1371301.93
1995-1999       61            714721.08       630212.03      1344933.10
1995-1999       62            705306.89       614755.41      1320062.31
1995-1999       63            696026.99       599228.44      1295255.43
1995-1999       64            686405.99       583480.78      1269886.77
1995-1999       65            676290.48       567374.35      1243664.83
1995-1999       66            665526.70       550785.75      1216312.45
1995-1999       67            653262.07       533072.79      1186334.86
1995-1999       68            638781.42       513252.78      1152034.21
1995-1999       69            621771.69       491075.33      1112847.01
1995-1999       70            602026.28       466452.93      1068479.21
1995-1999       71            579532.15       439554.78      1019086.93
1995-1999       72            554036.68       410693.16       964729.84
1995-1999       73            525505.49       380136.34       905641.83
1995-1999       74            493862.79       348357.61       842220.41
1995-1999       75            459275.73       316130.30       775406.03
1995-1999       76            423356.78       284370.20       707726.99
1995-1999       77            387861.86       254152.69       642014.55
1995-1999       78            353981.18       226210.53       580191.72
1995-1999       79            323787.76       200660.60       524448.36
1995-1999       80            306516.93       178139.54       484656.46
1995-1999       81            287731.15       160593.07       448324.22
1995-1999       82            268798.66       144268.45       413067.12
1995-1999       83            247481.72       128078.07       375559.80
1995-1999       84            223078.33       111370.89       334449.22
1995-1999       85            196127.43        94343.20       290470.63
1995-1999       86            168218.35        78036.31       246254.66
1995-1999       87            141271.62        63188.67       204460.29
1995-1999       88            116331.84        50091.52       166423.36
1995-1999       89             93850.05        38988.27       132838.33
1995-1999       90             74448.19        29869.34       104317.53
1995-1999       91             58229.82        22464.51        80694.34
1995-1999       92             44612.35        16562.49        61174.83
1995-1999       93             33439.72        11994.71        45434.42
1995-1999       94             24569.59         8521.14        33090.73
1995-1999       95             17438.81         5862.28        23301.09
1995-1999       96             11833.87         3936.98        15770.84
1995-1999       97              7799.52         2600.53        10400.05
1995-1999       98              5079.65         1687.99         6767.63
1995-1999       99              3120.71          987.58         4108.29
1995-1999      100              1825.84          522.85         2348.69
1995-1999      101              1080.15          305.68         1385.83
1995-1999      102               621.08          173.60          794.68
1995-1999      103               339.73           94.22          433.95
1995-1999      104               178.98           48.92          227.90
1995-1999      105                91.34           23.84          115.18
1995-1999      106                44.34           10.43           54.77
1995-1999      107                19.72            3.28           23.00
1995-1999      108                 7.37            0.75            8.12
1995-1999      109                 1.53            0.14            1.67
1995-1999      110+                0.13            0.00            0.13
2000-2004        0           1675375.79      1765118.97      3440494.76
2000-2004        1           1659863.24      1741271.69      3401134.93
2000-2004        2           1664581.89      1739727.23      3404309.12
2000-2004        3           1673485.15      1742379.23      3415864.38
2000-2004        4           1682640.34      1746920.01      3429560.35
2000-2004        5           1690355.50      1752379.09      3442734.58
2000-2004        6           1696021.27      1756897.03      3452918.30
2000-2004        7           1698865.86      1759024.37      3457890.22
2000-2004        8           1699431.88      1759023.72      3458455.60
2000-2004        9           1698547.88      1757355.79      3455903.66
2000-2004       10           1696052.72      1754015.62      3450068.33
2000-2004       11           1690154.92      1747228.63      3437383.55
2000-2004       12           1681631.83      1737563.75      3419195.58
2000-2004       13           1670248.28      1724673.62      3394921.90
2000-2004       14           1655926.85      1708549.68      3364476.53
2000-2004       15           1639038.55      1689619.23      3328657.77
2000-2004       16           1622828.65      1670977.24      3293805.89
2000-2004       17           1612049.84      1657351.79      3269401.63
2000-2004       18           1609298.13      1651325.88      3260624.00
2000-2004       19           1615279.32      1653723.53      3269002.85
2000-2004       20           1628724.10      1663405.86      3292129.96
2000-2004       21           1643449.14      1674357.02      3317806.15
2000-2004       22           1649749.28      1676999.57      3326748.85
2000-2004       23           1641075.56      1664807.44      3305882.99
2000-2004       24           1616079.86      1636586.43      3252666.29
2000-2004       25           1576111.88      1593665.58      3169777.46
2000-2004       26           1525877.33      1540746.98      3066624.31
2000-2004       27           1472945.08      1485445.57      2958390.64
2000-2004       28           1422677.24      1433074.63      2855751.87
2000-2004       29           1376321.19      1384783.80      2761104.99
2000-2004       30           1333828.69      1340415.32      2674244.02
2000-2004       31           1295681.10      1300447.77      2596128.87
2000-2004       32           1262323.27      1265287.46      2527610.73
2000-2004       33           1234025.31      1235098.00      2469123.31
2000-2004       34           1211156.19      1210311.76      2421467.95
2000-2004       35           1193795.86      1190837.93      2384633.79
2000-2004       36           1180826.27      1175208.03      2356034.30
2000-2004       37           1170234.32      1160763.24      2330997.56
2000-2004       38           1160481.64      1145366.36      2305848.00
2000-2004       39           1151134.89      1128579.56      2279714.45
2000-2004       40           1142082.71      1110399.79      2252482.50
2000-2004       41           1133152.47      1091726.24      2224878.71
2000-2004       42           1124143.21      1074178.22      2198321.43
2000-2004       43           1114694.77      1058644.55      2173339.32
2000-2004       44           1104558.44      1045190.41      2149748.85
2000-2004       45           1093615.03      1033172.38      2126787.41
2000-2004       46           1081442.34      1021539.71      2102982.05
2000-2004       47           1067497.46      1008721.15      2076218.61
2000-2004       48           1051323.46       993352.53      2044675.99
2000-2004       49           1032772.03       974981.88      2007753.91
2000-2004       50           1012040.18       953494.19      1965534.37
2000-2004       51            989510.13       929829.98      1919340.11
2000-2004       52            965591.24       905003.01      1870594.24
2000-2004       53            940578.47       879418.41      1819996.89
2000-2004       54            914853.46       853344.49      1768197.94
2000-2004       55            888676.74       826636.94      1715313.67
2000-2004       56            862495.55       799480.48      1661976.03
2000-2004       57            837104.81       772370.44      1609475.25
2000-2004       58            813029.06       745486.53      1558515.60
2000-2004       59            790488.92       719176.55      1509665.47
2000-2004       60            769664.84       693273.61      1462938.45
2000-2004       61            750468.15       668015.28      1418483.42
2000-2004       62            732861.00       643713.87      1376574.86
2000-2004       63            716707.13       620418.31      1337125.44
2000-2004       64            701975.35       598692.53      1300667.88
2000-2004       65            688632.86       578203.16      1266836.02
2000-2004       66            676102.58       558499.78      1234602.36
2000-2004       67            663879.40       539264.74      1203144.14
2000-2004       68            651458.61       519696.58      1171155.19
2000-2004       69            638478.35       499856.58      1138334.93
2000-2004       70            624658.81       479337.38      1103996.19
2000-2004       71            609616.29       457874.35      1067490.64
2000-2004       72            592936.06       435759.99      1028696.05
2000-2004       73            574152.64       412594.54       986747.18
2000-2004       74            552917.66       388185.84       941103.49
2000-2004       75            528992.04       362080.46       891072.50
2000-2004       76            502128.53       334002.74       836131.26
2000-2004       77            471898.84       303956.76       775855.61
2000-2004       78            437926.38       271886.07       709812.44
2000-2004       79            399301.80       239087.93       638389.73
2000-2004       80            338712.87       203074.29       541787.16
2000-2004       81            306684.93       176388.55       483073.48
2000-2004       82            280473.32       153571.29       434044.61
2000-2004       83            253943.34       132321.62       386264.96
2000-2004       84            229042.70       113400.27       342442.97
2000-2004       85            206435.59        97044.04       303479.63
2000-2004       86            185631.98        82939.74       268571.72
2000-2004       87            165256.83        70277.45       235534.29
2000-2004       88            144037.56        58633.74       202671.30
2000-2004       89            121982.33        47681.22       169663.55
2000-2004       90            100063.93        37413.53       137477.46
2000-2004       91             79594.52        28481.48       108076.00
2000-2004       92             61543.45        21082.34        82625.79
2000-2004       93             46338.84        15154.35        61493.19
2000-2004       94             33975.55        10655.27        44630.83
2000-2004       95             24328.52         7359.68        31688.20
2000-2004       96             17092.66         4971.01        22063.67
2000-2004       97             11676.85         3300.98        14977.83
2000-2004       98              7767.38         2149.21         9916.59
2000-2004       99              4965.26         1320.14         6285.40
2000-2004      100              3058.78          774.03         3832.81
2000-2004      101              1799.26          449.61         2248.87
2000-2004      102              1026.36          255.48         1281.84
2000-2004      103               574.34          141.29          715.63
2000-2004      104               308.75           74.48          383.23
2000-2004      105               159.21           37.50          196.71
2000-2004      106                80.46           17.75           98.21
2000-2004      107                38.81            7.16           45.97
2000-2004      108                16.91            1.92           18.83
2000-2004      109                 6.00            0.20            6.21
2000-2004      110+                1.04            0.00            1.04
2005-2009        0           1731985.00      1829650.83      3561635.83
2005-2009        1           1711102.50      1806395.17      3517497.67
2005-2009        2           1695581.50      1789741.33      3485322.83
2005-2009        3           1689098.50      1782565.50      3471664.00
2005-2009        4           1680872.06      1771931.22      3452803.28
2005-2009        5           1666858.64      1752716.86      3419575.50
2005-2009        6           1658371.34      1738019.37      3396390.71
2005-2009        7           1663243.24      1736856.81      3400100.05
2005-2009        8           1673382.94      1741037.04      3414419.98
2005-2009        9           1683200.43      1746393.15      3429593.59
2005-2009       10           1690155.10      1751159.52      3441314.62
2005-2009       11           1695842.39      1755773.36      3451615.75
2005-2009       12           1698174.26      1757345.90      3455520.16
2005-2009       13           1698084.76      1756644.08      3454728.84
2005-2009       14           1696635.13      1754479.90      3451115.03
2005-2009       15           1693353.03      1750192.82      3443545.84
2005-2009       16           1687577.93      1743040.38      3430618.30
2005-2009       17           1678964.95      1732437.71      3411402.66
2005-2009       18           1667353.05      1718237.12      3385590.16
2005-2009       19           1652686.63      1700625.27      3353311.90
2005-2009       20           1635481.44      1680281.63      3315763.07
2005-2009       21           1619124.49      1660594.49      3279718.98
2005-2009       22           1608341.67      1646338.82      3254680.49
2005-2009       23           1605595.55      1640025.18      3245620.73
2005-2009       24           1611549.14      1642314.92      3253864.06
2005-2009       25           1624809.34      1651789.45      3276598.79
2005-2009       26           1639111.96      1662319.32      3301431.28
2005-2009       27           1645027.40      1664733.18      3309760.58
2005-2009       28           1636261.02      1652725.89      3288986.91
2005-2009       29           1611307.65      1624815.37      3236123.02
2005-2009       30           1571364.40      1582250.49      3153614.88
2005-2009       31           1521147.59      1529754.73      3050902.31
2005-2009       32           1468116.74      1474701.89      2942818.63
2005-2009       33           1417591.35      1422275.14      2839866.48
2005-2009       34           1370912.48      1373776.63      2744689.11
2005-2009       35           1328160.10      1329189.61      2657349.71
2005-2009       36           1289771.66      1289031.19      2578802.86
2005-2009       37           1256190.40      1253684.99      2509875.39
2005-2009       38           1227630.49      1223238.89      2450869.39
2005-2009       39           1204442.60      1198112.84      2402555.44
2005-2009       40           1186659.82      1178204.04      2364863.86
2005-2009       41           1173108.97      1161901.71      2335010.68
2005-2009       42           1161851.58      1146605.31      2308456.89
2005-2009       43           1151464.54      1130353.48      2281818.02
2005-2009       44           1141507.90      1112546.98      2254054.88
2005-2009       45           1131725.28      1093136.87      2224862.16
2005-2009       46           1121935.55      1073094.75      2195030.30
2005-2009       47           1111930.82      1054002.80      2165933.61
2005-2009       48           1101402.10      1036595.05      2137997.16
2005-2009       49           1090233.59      1020948.68      2111182.26
2005-2009       50           1078158.44      1006456.90      2084615.34
2005-2009       51           1064690.11       992159.00      2056849.11
2005-2009       52           1049429.17       976717.76      2026146.92
2005-2009       53           1031947.50       958757.05      1990704.55
2005-2009       54           1011996.60       937599.19      1949595.79
2005-2009       55            989803.07       913324.80      1903127.87
2005-2009       56            965748.07       886827.82      1852575.88
2005-2009       57            940350.93       859020.50      1799371.43
2005-2009       58            914129.53       830513.25      1744642.78
2005-2009       59            887191.34       801658.72      1688850.06
2005-2009       60            859603.71       771870.59      1631474.30
2005-2009       61            832020.13       741666.04      1573686.17
2005-2009       62            805097.51       712026.23      1517123.74
2005-2009       63            779465.16       682635.92      1462101.08
2005-2009       64            755487.88       653552.45      1409040.33
2005-2009       65            732972.74       624812.27      1357785.01
2005-2009       66            712076.96       596761.95      1308838.91
2005-2009       67            692535.33       569537.37      1262072.69
2005-2009       68            673940.07       543263.26      1217203.32
2005-2009       69            656592.99       518623.70      1175216.69
2005-2009       70            640429.50       495217.69      1135647.19
2005-2009       71            624860.28       472334.38      1097194.66
2005-2009       72            609062.95       449287.68      1058350.63
2005-2009       73            592543.18       425539.22      1018082.40
2005-2009       74            574867.26       401399.05       976266.31
2005-2009       75            555570.34       376826.08       932396.41
2005-2009       76            534468.94       351796.16       886265.09
2005-2009       77            511675.76       326980.81       838656.57
2005-2009       78            487243.94       302459.83       789703.77
2005-2009       79            461072.89       277576.10       738648.99
2005-2009       80            432516.93       251700.64       684217.58
2005-2009       81            394800.03       222213.28       617013.30
2005-2009       82            350131.88       190430.81       540562.69
2005-2009       83            306415.14       160254.48       466669.62
2005-2009       84            263947.89       132212.00       396159.89
2005-2009       85            223469.04       106848.62       330317.66
2005-2009       86            191211.93        87042.38       278254.31
2005-2009       87            166617.32        72061.96       238679.28
2005-2009       88            143299.50        58512.79       201812.29
2005-2009       89            121891.20        46733.27       168624.47
2005-2009       90            102927.43        37050.37       139977.80
2005-2009       91             86194.15        29272.57       115466.72
2005-2009       92             70818.83        22918.12        93736.95
2005-2009       93             56569.23        17491.07        74060.30
2005-2009       94             43664.16        12858.22        56522.38
2005-2009       95             32382.26         9161.20        41543.46
2005-2009       96             23091.19         6289.64        29380.83
2005-2009       97             15899.28         4141.51        20040.79
2005-2009       98             10560.01         2625.52        13185.52
2005-2009       99              6758.89         1590.27         8349.16
2005-2009      100              4273.44          949.83         5223.27
2005-2009      101              2625.05          567.50         3192.55
2005-2009      102              1553.83          327.45         1881.28
2005-2009      103               887.28          184.74         1072.02
2005-2009      104               494.64          101.47          596.10
2005-2009      105               265.79           53.09          318.88
2005-2009      106               135.12           25.65          160.77
2005-2009      107                66.30           11.11           77.41
2005-2009      108                31.03            3.57           34.61
2005-2009      109                12.89            0.30           13.19
2005-2009      110+                4.10            0.00            4.10
2010-2013        0           1447192.17      1529317.33      2976509.50
2010-2013        1           1442051.67      1522922.00      2964973.67
2010-2013        2           1428962.67      1508835.83      2937798.50
2010-2013        3           1399840.17      1477855.17      2877695.33
2010-2013        4           1376727.33      1453248.67      2829976.00
2010-2013        5           1365471.17      1441160.50      2806631.67
2010-2013        6           1361223.17      1436544.17      2797767.33
2010-2013        7           1358675.83      1433721.83      2792397.67
2010-2013        8           1349915.33      1424289.33      2774204.67
2010-2013        9           1332607.06      1404129.39      2736736.45
2010-2013       10           1322705.47      1389193.19      2711898.67
2010-2013       11           1324734.68      1385610.03      2710344.71
2010-2013       12           1333117.74      1388222.64      2721340.38
2010-2013       13           1342453.55      1393232.49      2735686.04
2010-2013       14           1348730.52      1397300.52      2746031.03
2010-2013       15           1354008.73      1401383.85      2755392.58
2010-2013       16           1356541.15      1402870.59      2759411.74
2010-2013       17           1356830.90      1401932.33      2758763.22
2010-2013       18           1356068.21      1399801.25      2755869.46
2010-2013       19           1353819.88      1395876.90      2749696.78
2010-2013       20           1350224.71      1390258.46      2740483.17
2010-2013       21           1344971.15      1382896.74      2727867.89
2010-2013       22           1337095.92      1372846.79      2709942.71
2010-2013       23           1326480.80      1359971.13      2686451.92
2010-2013       24           1313011.81      1344185.36      2657197.17
2010-2013       25           1298028.56      1326741.55      2624770.11
2010-2013       26           1285031.36      1311198.35      2596229.71
2010-2013       27           1277899.04      1301456.99      2579356.04
2010-2013       28           1279082.22      1299923.70      2579005.92
2010-2013       29           1288618.51      1306606.48      2595224.99
2010-2013       30           1303072.24      1317989.18      2621061.42
2010-2013       31           1315043.31      1326972.52      2642015.83
2010-2013       32           1316476.22      1325825.50      2642301.72
2010-2013       33           1302856.94      1309974.34      2612831.28
2010-2013       34           1274166.15      1279441.90      2553608.05
2010-2013       35           1234438.68      1238076.18      2472514.86
2010-2013       36           1190299.67      1192362.24      2382661.90
2010-2013       37           1147418.11      1147977.33      2295395.43
2010-2013       38           1108203.13      1107284.44      2215487.57
2010-2013       39           1072699.23      1070351.54      2143050.77
2010-2013       40           1040263.20      1036346.22      2076609.42
2010-2013       41           1010615.26      1005087.37      2015702.63
2010-2013       42            984572.16       977432.85      1962005.01
2010-2013       43            963377.32       954595.37      1917972.69
2010-2013       44            947310.73       936860.78      1884171.51
2010-2013       45            935280.86       922888.90      1858169.76
2010-2013       46            925433.33       910393.42      1835826.75
2010-2013       47            916314.08       897201.27      1813515.35
2010-2013       48            907453.43       882361.17      1789814.60
2010-2013       49            898731.13       865784.39      1764515.52
2010-2013       50            890058.34       847851.73      1737910.07
2010-2013       51            881367.80       829939.69      1711307.50
2010-2013       52            872282.69       813071.75      1685354.44
2010-2013       53            862585.97       797595.74      1660181.71
2010-2013       54            852310.10       783775.36      1636085.46
2010-2013       55            841134.06       770794.89      1611928.94
2010-2013       56            828736.26       757364.40      1586100.66
2010-2013       57            814757.42       742204.29      1556961.71
2010-2013       58            798594.71       724079.95      1522674.66
2010-2013       59            780186.60       702811.81      1482998.41
2010-2013       60            759924.52       679390.02      1439314.54
2010-2013       61            738587.99       654940.12      1393528.11
2010-2013       62            716541.85       630009.90      1346551.76
2010-2013       63            693760.15       604878.17      1298638.32
2010-2013       64            670441.03       579308.56      1249749.59
2010-2013       65            646710.00       552924.13      1199634.12
2010-2013       66            623130.36       526505.49      1149635.85
2010-2013       67            600441.17       500755.89      1101197.05
2010-2013       68            579343.47       475758.04      1055101.51
2010-2013       69            559740.20       451213.42      1010953.62
2010-2013       70            540809.77       426305.53       967115.30
2010-2013       71            522306.80       401631.21       923938.01
2010-2013       72            504385.66       378282.00       882667.67
2010-2013       73            487723.16       356889.68       844612.83
2010-2013       74            472439.94       337051.35       809491.29
2010-2013       75            457408.32       317244.44       774652.75
2010-2013       76            441837.75       296998.23       738835.98
2010-2013       77            425186.21       276219.59       701405.81
2010-2013       78            407280.52       254819.53       662100.05
2010-2013       79            387673.53       233075.88       620749.41
2010-2013       80            365717.04       211128.63       576845.67
2010-2013       81            342599.40       190160.70       532760.11
2010-2013       82            319148.96       171029.52       490178.48
2010-2013       83            295237.03       153033.14       448270.17
2010-2013       84            270577.08       135218.74       405795.82
2010-2013       85            244077.04       116895.45       360972.49
2010-2013       86            209102.17        95412.00       304514.18
2010-2013       87            168428.90        72405.49       240834.40
2010-2013       88            131319.95        52438.53       183758.48
2010-2013       89             98470.71        35979.26       134449.97
2010-2013       90             76195.05        25609.13       101804.18
2010-2013       91             62418.89        19935.57        82354.47
2010-2013       92             49831.75        15040.63        64872.38
2010-2013       93             39249.89        11125.48        50375.38
2010-2013       94             30605.54         8197.57        38803.11
2010-2013       95             23583.04         5966.13        29549.17
2010-2013       96             17783.39         4283.35        22066.74
2010-2013       97             13068.08         3051.30        16119.38
2010-2013       98              9286.42         2111.28        11397.71
2010-2013       99              6213.60         1345.76         7559.37
2010-2013      100              4043.73          810.47         4854.20
2010-2013      101              2561.38          494.99         3056.37
2010-2013      102              1572.06          293.14         1865.20
2010-2013      103               933.20          167.96         1101.16
2010-2013      104               533.75           93.37          627.12
2010-2013      105               296.51           50.02          346.52
2010-2013      106               159.43           25.60          185.04
2010-2013      107                81.45           12.11           93.56
2010-2013      108                39.45            5.02           44.48
2010-2013      109                17.54            1.47           19.01
2010-2013      110+                9.63            0.04            9.67
