ARG, Life tables (period 5x1), Females	Last modified: 04 ago. 2019; MPv5 (May07)

  Year          Age         mx       qx    ax      lx      dx      Lx       Tx     ex
  1990           0      0.01916  0.01884  0.11  100000    1884   98317  7675831  76.76
  1990         1-4      0.00079  0.00317  1.39   98116     311  391653  7577514  77.23
  1990         5-9      0.00026  0.00130  2.38   97805     127  488693  7185861  73.47
  1990        10-14     0.00023  0.00115  2.53   97678     112  488113  6697168  68.56
  1990        15-19     0.00042  0.00211  2.64   97566     206  487343  6209055  63.64
  1990        20-24     0.00060  0.00301  2.66   97360     293  486112  5721712  58.77
  1990        25-29     0.00068  0.00338  2.63   97067     328  484556  5235600  53.94
  1990        30-34     0.00092  0.00459  2.63   96738     444  482639  4751044  49.11
  1990        35-39     0.00140  0.00700  2.71   96295     674  479927  4268405  44.33
  1990        40-44     0.00205  0.01021  2.64   95620     976  475795  3788479  39.62
  1990        45-49     0.00305  0.01515  2.63   94644    1434  469824  3312683  35.00
  1990        50-54     0.00440  0.02178  2.61   93210    2030  461196  2842860  30.50
  1990        55-59     0.00653  0.03217  2.70   91180    2933  449155  2381663  26.12
  1990        60-64     0.00992  0.04847  2.60   88247    4277  430956  1932508  21.90
  1990        65-69     0.01541  0.07439  2.69   83970    6246  405418  1501552  17.88
  1990        70-74     0.02492  0.11779  2.67   77724    9155  367326  1096134  14.10
  1990        75-79     0.04648  0.20919  2.61   68568   14344  308592   728809  10.63
  1990        80-84     0.08138  0.34024  2.59   54225   18449  226692   420216   7.75
  1990        85-89     0.14500  0.52775  2.42   35775   18880  130206   193524   5.41
  1990        90-94     0.23691  0.70949  2.17   16895   11987   50597    63318   3.75
  1990        95-99     0.36999  0.86327  1.91    4908    4237   11452    12720   2.59
  1990       100-104    0.52210  0.94187  1.61     671     632    1211     1269   1.89
  1990       105-109    0.67186  0.97484  1.36      39      38      57       58   1.48
  1990       110+       0.78096  1.00000  1.28       1       1       1        1   1.28
  1991           0      0.02040  0.02004  0.11  100000    2004   98217  7688389  76.88
  1991         1-4      0.00093  0.00370  1.32   97996     362  391014  7590172  77.45
  1991         5-9      0.00025  0.00123  2.32   97634     120  487846  7199158  73.74
  1991        10-14     0.00025  0.00126  2.63   97513     123  487275  6711313  68.82
  1991        15-19     0.00046  0.00230  2.62   97390     224  486420  6224038  63.91
  1991        20-24     0.00056  0.00282  2.58   97167     274  485172  5737618  59.05
  1991        25-29     0.00075  0.00372  2.63   96893     361  483610  5252446  54.21
  1991        30-34     0.00091  0.00456  2.65   96533     440  481631  4768836  49.40
  1991        35-39     0.00142  0.00707  2.71   96093     679  478910  4287205  44.62
  1991        40-44     0.00216  0.01073  2.64   95413    1024  474653  3808295  39.91
  1991        45-49     0.00305  0.01515  2.62   94389    1430  468540  3333642  35.32
  1991        50-54     0.00440  0.02178  2.54   92959    2024  459825  2865102  30.82
  1991        55-59     0.00639  0.03148  2.63   90935    2862  447900  2405276  26.45
  1991        60-64     0.00999  0.04882  2.67   88072    4300  430326  1957376  22.22
  1991        65-69     0.01503  0.07259  2.65   83773    6081  404598  1527050  18.23
  1991        70-74     0.02415  0.11420  2.63   77692    8872  367433  1122452  14.45
  1991        75-79     0.04387  0.19874  2.64   68820   13677  311787   755020  10.97
  1991        80-84     0.07660  0.32300  2.58   55143   17811  232527   443233   8.04
  1991        85-89     0.13546  0.50267  2.44   37332   18765  138526   210706   5.64
  1991        90-94     0.22690  0.69357  2.20   18566   12877   56751    72179   3.89
  1991        95-99     0.35147  0.84812  1.95    5689    4825   13728    15429   2.71
  1991       100-104    0.50039  0.93421  1.65     864     807    1613     1700   1.97
  1991       105-109    0.65067  0.97163  1.39      57      55      85       87   1.53
  1991       110+       0.76259  1.00000  1.31       2       2       2        2   1.31
  1992           0      0.02120  0.02080  0.11  100000    2080   98153  7647928  76.48
  1992         1-4      0.00088  0.00351  1.27   97920     343  390742  7549775  77.10
  1992         5-9      0.00027  0.00136  2.58   97576     133  487560  7159033  73.37
  1992        10-14     0.00027  0.00134  2.70   97443     131  486917  6671473  68.47
  1992        15-19     0.00047  0.00233  2.77   97313     227  486057  6184557  63.55
  1992        20-24     0.00060  0.00301  2.45   97086     293  484682  5698500  58.70
  1992        25-29     0.00076  0.00380  2.66   96793     368  483105  5213818  53.87
  1992        30-34     0.00099  0.00492  2.59   96426     474  480986  4730712  49.06
  1992        35-39     0.00145  0.00721  2.66   95951     692  478136  4249727  44.29
  1992        40-44     0.00224  0.01112  2.61   95260    1059  473766  3771590  39.59
  1992        45-49     0.00326  0.01617  2.63   94201    1523  467398  3297824  35.01
  1992        50-54     0.00459  0.02272  2.58   92678    2105  458292  2830426  30.54
  1992        55-59     0.00658  0.03242  2.66   90572    2937  445983  2372133  26.19
  1992        60-64     0.01028  0.05021  2.66   87635    4400  427861  1926150  21.98
  1992        65-69     0.01564  0.07546  2.69   83235    6281  401658  1498290  18.00
  1992        70-74     0.02518  0.11877  2.62   76955    9140  363022  1096631  14.25
  1992        75-79     0.04547  0.20549  2.66   67815   13936  306477   733609  10.82
  1992        80-84     0.07866  0.32998  2.56   53879   17779  226038   427131   7.93
  1992        85-89     0.13771  0.50935  2.45   36100   18388  133523   201093   5.57
  1992        90-94     0.23340  0.70795  2.22   17713   12540   53726    67571   3.81
  1992        95-99     0.35684  0.85260  1.94    5173    4411   12360    13844   2.68
  1992       100-104    0.50616  0.93630  1.64     762     714    1410     1484   1.95
  1992       105-109    0.65588  0.97244  1.38      49      47      72       74   1.52
  1992       110+       0.76682  1.00000  1.30       1       1       2        2   1.30
  1993           0      0.02039  0.02002  0.11  100000    2002   98218  7664473  76.64
  1993         1-4      0.00082  0.00327  1.29   97998     320  391123  7566255  77.21
  1993         5-9      0.00027  0.00134  2.54   97677     131  488065  7175133  73.46
  1993        10-14     0.00027  0.00133  2.74   97547     129  487441  6687067  68.55
  1993        15-19     0.00048  0.00239  2.53   97417     233  486510  6199626  63.64
  1993        20-24     0.00065  0.00323  2.57   97184     314  485159  5713116  58.79
  1993        25-29     0.00068  0.00342  2.57   96870     331  483548  5227957  53.97
  1993        30-34     0.00095  0.00476  2.65   96540     459  481620  4744409  49.14
  1993        35-39     0.00140  0.00697  2.67   96080     669  478844  4262788  44.37
  1993        40-44     0.00219  0.01091  2.63   95411    1041  474587  3783944  39.66
  1993        45-49     0.00303  0.01506  2.66   94370    1421  468525  3309357  35.07
  1993        50-54     0.00468  0.02312  2.61   92948    2149  459607  2840833  30.56
  1993        55-59     0.00658  0.03239  2.64   90799    2941  447071  2381226  26.23
  1993        60-64     0.01024  0.04999  2.66   87859    4392  429018  1934155  22.01
  1993        65-69     0.01572  0.07583  2.67   83467    6330  402601  1505137  18.03
  1993        70-74     0.02573  0.12123  2.63   77137    9352  363494  1102535  14.29
  1993        75-79     0.04498  0.20359  2.67   67786   13800  306815   739041  10.90
  1993        80-84     0.07838  0.32924  2.57   53985   17774  226765   432226   8.01
  1993        85-89     0.13625  0.50544  2.45   36211   18302  134328   205461   5.67
  1993        90-94     0.22155  0.68589  2.22   17909   12283   55442    71133   3.97
  1993        95-99     0.34071  0.83798  1.97    5625    4714   13836    15691   2.79
  1993       100-104    0.48267  0.92684  1.68     911     845    1750     1856   2.04
  1993       105-109    0.62863  0.96769  1.42      67      65     103      106   1.58
  1993       110+       0.73987  1.00000  1.35       2       2       3        3   1.35
  1994           0      0.01934  0.01901  0.11  100000    1901   98302  7735620  77.36
  1994         1-4      0.00074  0.00296  1.40   98099     290  391640  7637317  77.85
  1994         5-9      0.00023  0.00116  2.36   97809     114  488744  7245677  74.08
  1994        10-14     0.00026  0.00131  2.74   97695     128  488184  6756934  69.16
  1994        15-19     0.00046  0.00228  2.64   97566     223  487308  6268749  64.25
  1994        20-24     0.00065  0.00323  2.56   97344     315  485950  5781441  59.39
  1994        25-29     0.00073  0.00365  2.58   97029     354  484290  5295491  54.58
  1994        30-34     0.00097  0.00486  2.61   96675     470  482253  4811201  49.77
  1994        35-39     0.00140  0.00698  2.70   96205     671  479482  4328948  45.00
  1994        40-44     0.00214  0.01064  2.64   95534    1017  475271  3849466  40.29
  1994        45-49     0.00316  0.01567  2.63   94517    1481  469079  3374196  35.70
  1994        50-54     0.00444  0.02198  2.65   93036    2045  460371  2905117  31.23
  1994        55-59     0.00630  0.03102  2.65   90991    2823  448324  2444746  26.87
  1994        60-64     0.00988  0.04829  2.68   88169    4258  430972  1996422  22.64
  1994        65-69     0.01498  0.07238  2.66   83911    6073  405371  1565450  18.66
  1994        70-74     0.02448  0.11573  2.65   77837    9008  368059  1160079  14.90
  1994        75-79     0.04090  0.18679  2.68   68829   12857  314318   792020  11.51
  1994        80-84     0.07186  0.30603  2.58   55972   17129  238373   477702   8.53
  1994        85-89     0.12314  0.46956  2.47   38843   18239  148118   239329   6.16
  1994        90-94     0.19257  0.63544  2.32   20604   13093   67988    91211   4.43
  1994        95-99     0.30280  0.79914  2.05    7512    6003   19824    23224   3.09
  1994       100-104    0.43297  0.90266  1.77    1509    1362    3145     3400   2.25
  1994       105-109    0.57366  0.95570  1.51     147     140     245      254   1.73
  1994       110+       0.68589  1.00000  1.46       7       7       9        9   1.46
  1995           0      0.02016  0.01981  0.11  100000    1981   98236  7687895  76.88
  1995         1-4      0.00076  0.00305  1.42   98019     299  391306  7589659  77.43
  1995         5-9      0.00023  0.00115  2.42   97720     113  488311  7198353  73.66
  1995        10-14     0.00028  0.00140  2.79   97608     137  487735  6710042  68.75
  1995        15-19     0.00047  0.00236  2.53   97471     230  486786  6222307  63.84
  1995        20-24     0.00063  0.00313  2.65   97241     305  485490  5735521  58.98
  1995        25-29     0.00084  0.00419  2.56   96936     406  483691  5250031  54.16
  1995        30-34     0.00099  0.00495  2.58   96531     478  481495  4766340  49.38
  1995        35-39     0.00135  0.00674  2.65   96052     647  478737  4284845  44.61
  1995        40-44     0.00211  0.01048  2.69   95405    1000  474716  3806107  39.89
  1995        45-49     0.00320  0.01587  2.69   94405    1498  468562  3331392  35.29
  1995        50-54     0.00465  0.02301  2.58   92907    2138  459359  2862829  30.81
  1995        55-59     0.00648  0.03191  2.62   90769    2896  446943  2403471  26.48
  1995        60-64     0.00967  0.04727  2.68   87873    4154  429713  1956527  22.27
  1995        65-69     0.01524  0.07349  2.60   83719    6152  403811  1526815  18.24
  1995        70-74     0.02548  0.12032  2.69   77567    9333  366247  1123004  14.48
  1995        75-79     0.04379  0.19844  2.64   68233   13540  309202   756757  11.09
  1995        80-84     0.07517  0.31764  2.56   54693   17373  231103   447556   8.18
  1995        85-89     0.13171  0.49250  2.44   37321   18381  139554   216453   5.80
  1995        90-94     0.21644  0.68244  2.29   18940   12925   59718    76898   4.06
  1995        95-99     0.33150  0.82945  1.99    6015    4989   15049    17181   2.86
  1995       100-104    0.47222  0.92242  1.70    1026     946    2004     2132   2.08
  1995       105-109    0.61856  0.96581  1.44      80      77     124      128   1.61
  1995       110+       0.73107  1.00000  1.37       3       3       4        4   1.37
  1996           0      0.01888  0.01856  0.11  100000    1856   98340  7731238  77.31
  1996         1-4      0.00078  0.00312  1.38   98144     306  391772  7632898  77.77
  1996         5-9      0.00024  0.00119  2.48   97837     116  488892  7241126  74.01
  1996        10-14     0.00026  0.00128  2.64   97721     125  488308  6752234  69.10
  1996        15-19     0.00048  0.00241  2.58   97596     235  487409  6263926  64.18
  1996        20-24     0.00061  0.00307  2.58   97360     299  486076  5776517  59.33
  1996        25-29     0.00080  0.00399  2.52   97061     388  484345  5290440  54.51
  1996        30-34     0.00102  0.00508  2.54   96674     491  482161  4806095  49.71
  1996        35-39     0.00138  0.00685  2.63   96183     659  479347  4323933  44.96
  1996        40-44     0.00203  0.01009  2.65   95523     964  475348  3844586  40.25
  1996        45-49     0.00303  0.01503  2.69   94559    1422  469506  3369238  35.63
  1996        50-54     0.00462  0.02283  2.61   93137    2126  460602  2899731  31.13
  1996        55-59     0.00662  0.03259  2.61   91011    2966  447967  2439129  26.80
  1996        60-64     0.00968  0.04732  2.65   88046    4167  430432  1991163  22.62
  1996        65-69     0.01522  0.07348  2.64   83879    6164  404842  1560730  18.61
  1996        70-74     0.02441  0.11547  2.67   77715    8974  367674  1155888  14.87
  1996        75-79     0.04164  0.18941  2.62   68742   13020  312688   788214  11.47
  1996        80-84     0.07127  0.30373  2.57   55721   16924  237463   475526   8.53
  1996        85-89     0.12215  0.46653  2.47   38797   18100  148173   238063   6.14
  1996        90-94     0.19889  0.64475  2.27   20697   13344   67092    89890   4.34
  1996        95-99     0.30179  0.79799  2.05    7353    5867   19441    22798   3.10
  1996       100-104    0.43163  0.90191  1.77    1485    1340    3104     3356   2.26
  1996       105-109    0.57214  0.95531  1.51     146     139     243      253   1.74
  1996       110+       0.68435  1.00000  1.46       7       7      10       10   1.46
  1997           0      0.01733  0.01706  0.10  100000    1706   98467  7755168  77.55
  1997         1-4      0.00079  0.00315  1.43   98294     309  392380  7656701  77.90
  1997         5-9      0.00024  0.00122  2.39   97984     119  489610  7264321  74.14
  1997        10-14     0.00027  0.00134  2.81   97865     131  489039  6774711  69.23
  1997        15-19     0.00044  0.00221  2.60   97734     216  488150  6285673  64.31
  1997        20-24     0.00065  0.00324  2.48   97517     316  486792  5797523  59.45
  1997        25-29     0.00078  0.00390  2.62   97201     380  485104  5310731  54.64
  1997        30-34     0.00098  0.00490  2.63   96822     474  482985  4825627  49.84
  1997        35-39     0.00136  0.00679  2.70   96347     654  480230  4342642  45.07
  1997        40-44     0.00207  0.01032  2.64   95693     988  476131  3862411  40.36
  1997        45-49     0.00307  0.01527  2.67   94705    1446  470165  3386280  35.76
  1997        50-54     0.00460  0.02275  2.63   93260    2122  461266  2916115  31.27
  1997        55-59     0.00631  0.03108  2.63   91138    2832  448970  2454849  26.94
  1997        60-64     0.00933  0.04566  2.65   88305    4032  432054  2005879  22.72
  1997        65-69     0.01492  0.07204  2.63   84273    6071  406961  1573825  18.68
  1997        70-74     0.02377  0.11261  2.67   78202    8807  370490  1166864  14.92
  1997        75-79     0.04148  0.18879  2.63   69395   13101  315871   796374  11.48
  1997        80-84     0.07183  0.30577  2.57   56294   17213  239631   480503   8.54
  1997        85-89     0.12191  0.46575  2.47   39081   18202  149303   240872   6.16
  1997        90-94     0.19625  0.64019  2.29   20879   13367   68110    91569   4.39
  1997        95-99     0.29942  0.79516  2.05    7513    5974   19951    23459   3.12
  1997       100-104    0.42753  0.89951  1.78    1539    1384    3238     3508   2.28
  1997       105-109    0.56664  0.95384  1.52     155     148     260      271   1.75
  1997       110+       0.67817  1.00000  1.47       7       7      11       11   1.47
  1998           0      0.01685  0.01660  0.10  100000    1660   98507  7749196  77.49
  1998         1-4      0.00075  0.00300  1.48   98340     295  392618  7650689  77.80
  1998         5-9      0.00024  0.00118  2.38   98045     116  489923  7258071  74.03
  1998        10-14     0.00026  0.00128  2.50   97930     126  489333  6768148  69.11
  1998        15-19     0.00050  0.00249  2.62   97804     244  488437  6278815  64.20
  1998        20-24     0.00058  0.00288  2.55   97560     281  487111  5790378  59.35
  1998        25-29     0.00074  0.00371  2.61   97279     361  485531  5303267  54.52
  1998        30-34     0.00096  0.00478  2.62   96918     463  483489  4817736  49.71
  1998        35-39     0.00127  0.00635  2.65   96455     612  480839  4334247  44.94
  1998        40-44     0.00185  0.00922  2.67   95843     884  477157  3853408  40.21
  1998        45-49     0.00308  0.01528  2.69   94959    1451  471438  3376251  35.55
  1998        50-54     0.00454  0.02247  2.62   93508    2101  462547  2904812  31.06
  1998        55-59     0.00650  0.03203  2.66   91408    2928  450178  2442265  26.72
  1998        60-64     0.00960  0.04694  2.64   88480    4153  432602  1992088  22.51
  1998        65-69     0.01512  0.07304  2.68   84327    6159  407370  1559486  18.49
  1998        70-74     0.02368  0.11222  2.67   78168    8772  370370  1152116  14.74
  1998        75-79     0.04305  0.19550  2.66   69396   13567  315171   781745  11.27
  1998        80-84     0.07298  0.31032  2.59   55829   17325  237397   466575   8.36
  1998        85-89     0.12659  0.47924  2.47   38504   18453  145769   229178   5.95
  1998        90-94     0.20858  0.66340  2.26   20052   13302   63775    83409   4.16
  1998        95-99     0.32452  0.82275  2.00    6749    5553   17111    19634   2.91
  1998       100-104    0.46482  0.91917  1.71    1196    1100    2366     2523   2.11
  1998       105-109    0.61192  0.96454  1.45      97      93     152      157   1.63
  1998       110+       0.72565  1.00000  1.38       3       3       5        5   1.38
  1999           0      0.01615  0.01591  0.10  100000    1591   98565  7741543  77.42
  1999         1-4      0.00063  0.00252  1.44   98409     248  392999  7642978  77.67
  1999         5-9      0.00024  0.00119  2.32   98161     117  490489  7249979  73.86
  1999        10-14     0.00027  0.00134  2.64   98043     132  489906  6759490  68.94
  1999        15-19     0.00047  0.00237  2.69   97912     232  489024  6269584  64.03
  1999        20-24     0.00056  0.00278  2.55   97680     271  487735  5780560  59.18
  1999        25-29     0.00071  0.00352  2.60   97409     343  486221  5292825  54.34
  1999        30-34     0.00095  0.00472  2.56   97066     458  484209  4806604  49.52
  1999        35-39     0.00129  0.00644  2.64   96607     623  481567  4322396  44.74
  1999        40-44     0.00201  0.00999  2.68   95985     959  477700  3840829  40.01
  1999        45-49     0.00302  0.01497  2.69   95026    1423  471846  3363129  35.39
  1999        50-54     0.00452  0.02235  2.65   93603    2092  463102  2891283  30.89
  1999        55-59     0.00665  0.03275  2.64   91510    2997  450468  2428181  26.53
  1999        60-64     0.00968  0.04734  2.66   88514    4190  432762  1977713  22.34
  1999        65-69     0.01517  0.07330  2.70   84324    6181  407432  1544952  18.32
  1999        70-74     0.02428  0.11482  2.65   78143    8973  369606  1137520  14.56
  1999        75-79     0.04398  0.19959  2.69   69171   13806  313928   767914  11.10
  1999        80-84     0.07519  0.31770  2.56   55364   17589  233935   453985   8.20
  1999        85-89     0.12991  0.48827  2.46   37775   18444  141981   220051   5.83
  1999        90-94     0.21743  0.68178  2.27   19331   13179   60613    78070   4.04
  1999        95-99     0.33390  0.83189  1.98    6151    5117   15326    17457   2.84
  1999       100-104    0.47641  0.92434  1.69    1034     956    2006     2131   2.06
  1999       105-109    0.62399  0.96689  1.43      78      76     121      125   1.59
  1999       110+       0.73686  1.00000  1.36       3       3       4        4   1.36
  2000           0      0.01507  0.01487  0.10  100000    1487   98655  7812418  78.12
  2000         1-4      0.00065  0.00261  1.54   98513     257  393422  7713763  78.30
  2000         5-9      0.00023  0.00114  2.39   98257     112  490991  7320341  74.50
  2000        10-14     0.00024  0.00122  2.75   98145     119  490456  6829349  69.58
  2000        15-19     0.00041  0.00205  2.58   98025     201  489640  6338893  64.67
  2000        20-24     0.00051  0.00253  2.57   97824     247  488522  5849253  59.79
  2000        25-29     0.00067  0.00333  2.69   97577     325  487134  5360731  54.94
  2000        30-34     0.00090  0.00447  2.57   97252     435  485201  4873597  50.11
  2000        35-39     0.00124  0.00619  2.64   96817     599  482674  4388397  45.33
  2000        40-44     0.00190  0.00947  2.70   96218     911  478993  3905723  40.59
  2000        45-49     0.00291  0.01445  2.70   95307    1377  473376  3426730  35.95
  2000        50-54     0.00444  0.02199  2.63   93930    2065  464755  2953354  31.44
  2000        55-59     0.00645  0.03174  2.60   91865    2915  452317  2488599  27.09
  2000        60-64     0.00922  0.04513  2.63   88950    4015  435241  2036282  22.89
  2000        65-69     0.01424  0.06887  2.64   84935    5849  410861  1601041  18.85
  2000        70-74     0.02306  0.10935  2.64   79086    8648  375003  1190180  15.05
  2000        75-79     0.03976  0.18199  2.68   70438   12819  322414   815177  11.57
  2000        80-84     0.07233  0.30719  2.55   57619   17700  244701   492763   8.55
  2000        85-89     0.11944  0.45858  2.47   39919   18306  153261   248062   6.21
  2000        90-94     0.19623  0.63999  2.28   21613   13832   70488    94801   4.39
  2000        95-99     0.29919  0.79491  2.05    7781    6185   20673    24313   3.12
  2000       100-104    0.42737  0.89943  1.78    1596    1435    3358     3640   2.28
  2000       105-109    0.56660  0.95384  1.52     160     153     270      281   1.75
  2000       110+       0.67822  1.00000  1.47       7       7      11       11   1.47
  2001           0      0.01472  0.01452  0.09  100000    1452   98685  7806734  78.07
  2001         1-4      0.00059  0.00238  1.48   98548     234  393602  7708050  78.22
  2001         5-9      0.00025  0.00124  2.41   98314     122  491253  7314448  74.40
  2001        10-14     0.00025  0.00125  2.59   98192     122  490666  6823195  69.49
  2001        15-19     0.00048  0.00239  2.66   98070     234  489800  6332529  64.57
  2001        20-24     0.00050  0.00251  2.54   97836     245  488575  5842729  59.72
  2001        25-29     0.00062  0.00311  2.60   97590     303  487222  5354155  54.86
  2001        30-34     0.00089  0.00444  2.59   97287     432  485396  4866932  50.03
  2001        35-39     0.00125  0.00625  2.68   96855     605  482871  4381536  45.24
  2001        40-44     0.00186  0.00926  2.73   96250     891  479224  3898665  40.51
  2001        45-49     0.00292  0.01450  2.65   95359    1383  473539  3419442  35.86
  2001        50-54     0.00448  0.02216  2.68   93976    2083  465038  2945903  31.35
  2001        55-59     0.00637  0.03139  2.65   91893    2885  452698  2480865  27.00
  2001        60-64     0.00934  0.04567  2.61   89008    4065  435341  2028167  22.79
  2001        65-69     0.01400  0.06779  2.64   84943    5758  411153  1592826  18.75
  2001        70-74     0.02340  0.11094  2.67   79185    8785  375453  1181674  14.92
  2001        75-79     0.03959  0.18122  2.67   70400   12758  322214   806221  11.45
  2001        80-84     0.07397  0.31344  2.57   57642   18067  244263   484007   8.40
  2001        85-89     0.12311  0.46909  2.46   39575   18564  150789   239744   6.06
  2001        90-94     0.20478  0.65629  2.26   21011   13789   67336    88955   4.23
  2001        95-99     0.31422  0.81177  2.02    7222    5862   18657    21619   2.99
  2001       100-104    0.44884  0.91119  1.74    1359    1239    2760     2962   2.18
  2001       105-109    0.59216  0.96019  1.48     121     116     196      203   1.68
  2001       110+       0.70486  1.00000  1.42       5       5       7        7   1.42
  2002           0      0.01564  0.01543  0.10  100000    1543   98607  7809697  78.10
  2002         1-4      0.00061  0.00245  1.44   98457     241  393211  7711090  78.32
  2002         5-9      0.00023  0.00114  2.34   98216     112  490780  7317879  74.51
  2002        10-14     0.00025  0.00124  2.73   98104     121  490243  6827098  69.59
  2002        15-19     0.00044  0.00218  2.61   97982     213  489400  6336855  64.67
  2002        20-24     0.00050  0.00249  2.56   97769     243  488250  5847455  59.81
  2002        25-29     0.00062  0.00308  2.65   97526     301  486922  5359205  54.95
  2002        30-34     0.00088  0.00439  2.61   97225     427  485103  4872283  50.11
  2002        35-39     0.00123  0.00613  2.72   96798     594  482634  4387180  45.32
  2002        40-44     0.00183  0.00910  2.69   96204     876  478995  3904546  40.59
  2002        45-49     0.00269  0.01339  2.71   95329    1276  473715  3425551  35.93
  2002        50-54     0.00446  0.02208  2.64   94052    2077  465369  2951837  31.38
  2002        55-59     0.00649  0.03194  2.64   91976    2938  452944  2486467  27.03
  2002        60-64     0.00942  0.04610  2.64   89038    4105  435513  2033523  22.84
  2002        65-69     0.01407  0.06810  2.67   84933    5784  411191  1598010  18.81
  2002        70-74     0.02321  0.11006  2.66   79150    8712  375321  1186819  14.99
  2002        75-79     0.03844  0.17636  2.66   70438   12422  323139   811498  11.52
  2002        80-84     0.07462  0.31515  2.54   58016   18284  245016   488360   8.42
  2002        85-89     0.12183  0.46541  2.46   39732   18492  151782   243344   6.12
  2002        90-94     0.20165  0.65006  2.27   21241   13808   68474    91561   4.31
  2002        95-99     0.30148  0.79726  2.05    7433    5926   19656    23088   3.11
  2002       100-104    0.42823  0.89972  1.78    1507    1356    3166     3431   2.28
  2002       105-109    0.56562  0.95348  1.52     151     144     255      265   1.75
  2002       110+       0.67583  1.00000  1.48       7       7      10       10   1.48
  2003           0      0.01526  0.01505  0.10  100000    1505   98639  7787978  77.88
  2003         1-4      0.00063  0.00252  1.50   98495     248  393359  7689339  78.07
  2003         5-9      0.00021  0.00105  2.34   98247     103  490962  7295980  74.26
  2003        10-14     0.00024  0.00118  2.71   98144     116  490456  6805018  69.34
  2003        15-19     0.00044  0.00220  2.50   98028     215  489604  6314562  64.42
  2003        20-24     0.00050  0.00249  2.49   97813     243  488455  5824958  59.55
  2003        25-29     0.00060  0.00300  2.61   97570     292  487152  5336503  54.69
  2003        30-34     0.00089  0.00442  2.65   97278     430  485378  4849351  49.85
  2003        35-39     0.00118  0.00586  2.69   96848     568  482925  4363973  45.06
  2003        40-44     0.00183  0.00912  2.72   96280     879  479393  3881049  40.31
  2003        45-49     0.00284  0.01410  2.67   95402    1345  473878  3401655  35.66
  2003        50-54     0.00453  0.02244  2.69   94057    2110  465406  2927777  31.13
  2003        55-59     0.00667  0.03283  2.65   91947    3018  452640  2462371  26.78
  2003        60-64     0.00929  0.04545  2.66   88928    4041  435184  2009731  22.60
  2003        65-69     0.01417  0.06854  2.63   84887    5818  410668  1574547  18.55
  2003        70-74     0.02354  0.11158  2.67   79069    8823  374762  1163878  14.72
  2003        75-79     0.03945  0.18043  2.63   70247   12675  321256   789117  11.23
  2003        80-84     0.07839  0.32836  2.53   57572   18904  241169   467861   8.13
  2003        85-89     0.12942  0.48714  2.46   38668   18836  145547   226692   5.86
  2003        90-94     0.21438  0.67534  2.26   19831   13393   62472    81146   4.09
  2003        95-99     0.32605  0.82366  2.00    6438    5303   16264    18674   2.90
  2003       100-104    0.46182  0.91737  1.71    1135    1042    2255     2410   2.12
  2003       105-109    0.60436  0.96279  1.46      94      90     149      154   1.65
  2003       110+       0.71539  1.00000  1.40       3       3       5        5   1.40
  2004           0      0.01351  0.01334  0.09  100000    1334   98787  7833474  78.33
  2004         1-4      0.00055  0.00221  1.54   98666     218  394125  7734687  78.39
  2004         5-9      0.00021  0.00105  2.36   98447     104  491962  7340562  74.56
  2004        10-14     0.00023  0.00117  2.61   98344     115  491442  6848599  69.64
  2004        15-19     0.00041  0.00206  2.56   98228     202  490650  6357157  64.72
  2004        20-24     0.00046  0.00232  2.61   98026     227  489589  5866507  59.85
  2004        25-29     0.00057  0.00286  2.63   97799     279  488331  5376918  54.98
  2004        30-34     0.00080  0.00400  2.60   97519     390  486662  4888587  50.13
  2004        35-39     0.00116  0.00580  2.63   97129     563  484312  4401926  45.32
  2004        40-44     0.00177  0.00880  2.61   96566     850  480802  3917614  40.57
  2004        45-49     0.00270  0.01342  2.67   95716    1285  475588  3436812  35.91
  2004        50-54     0.00433  0.02141  2.69   94431    2022  467490  2961224  31.36
  2004        55-59     0.00642  0.03160  2.60   92409    2920  455048  2493734  26.99
  2004        60-64     0.00942  0.04609  2.64   89489    4125  437730  2038685  22.78
  2004        65-69     0.01381  0.06687  2.65   85364    5708  413389  1600955  18.75
  2004        70-74     0.02249  0.10688  2.68   79656    8514  378500  1187566  14.91
  2004        75-79     0.03779  0.17346  2.63   71142   12341  326516   809066  11.37
  2004        80-84     0.07776  0.32684  2.56   58802   19219  247162   482550   8.21
  2004        85-89     0.12810  0.48319  2.46   39583   19126  149302   235388   5.95
  2004        90-94     0.20686  0.66143  2.27   20457   13531   65412    86086   4.21
  2004        95-99     0.31562  0.81275  2.02    6926    5629   17835    20675   2.99
  2004       100-104    0.44670  0.90976  1.74    1297    1180    2641     2840   2.19
  2004       105-109    0.58630  0.95867  1.49     117     112     191      198   1.69
  2004       110+       0.69662  1.00000  1.44       5       5       7        7   1.44
  2005           0      0.01173  0.01161  0.09  100000    1161   98939  7869894  78.70
  2005         1-4      0.00054  0.00217  1.57   98839     214  394837  7770955  78.62
  2005         5-9      0.00022  0.00109  2.27   98625     107  492832  7376118  74.79
  2005        10-14     0.00024  0.00118  2.60   98518     116  492310  6883286  69.87
  2005        15-19     0.00041  0.00205  2.64   98402     202  491533  6390975  64.95
  2005        20-24     0.00046  0.00230  2.53   98200     226  490441  5899443  60.08
  2005        25-29     0.00054  0.00268  2.56   97974     263  489229  5409001  55.21
  2005        30-34     0.00075  0.00374  2.63   97711     366  487689  4919772  50.35
  2005        35-39     0.00110  0.00550  2.63   97346     535  485458  4432084  45.53
  2005        40-44     0.00174  0.00865  2.69   96811     837  482123  3946626  40.77
  2005        45-49     0.00270  0.01339  2.67   95973    1285  476874  3464503  36.10
  2005        50-54     0.00418  0.02067  2.65   94688    1958  468840  2987630  31.55
  2005        55-59     0.00616  0.03036  2.66   92730    2815  457063  2518790  27.16
  2005        60-64     0.00921  0.04505  2.59   89915    4051  439808  2061728  22.93
  2005        65-69     0.01359  0.06579  2.61   85864    5649  415817  1621919  18.89
  2005        70-74     0.02168  0.10318  2.67   80215    8277  381765  1206103  15.04
  2005        75-79     0.03765  0.17269  2.61   71938   12423  329991   824338  11.46
  2005        80-84     0.07508  0.31896  2.64   59515   18983  252824   494347   8.31
  2005        85-89     0.12817  0.48217  2.43   40532   19543  152478   241523   5.96
  2005        90-94     0.20301  0.65378  2.28   20989   13722   67591    89045   4.24
  2005        95-99     0.31930  0.81708  2.01    7267    5938   18595    21454   2.95
  2005       100-104    0.45530  0.91440  1.73    1329    1215    2670     2858   2.15
  2005       105-109    0.59915  0.96175  1.47     114     109     183      189   1.66
  2005       110+       0.71163  1.00000  1.41       4       4       6        6   1.41
  2006           0      0.01156  0.01144  0.09  100000    1144   98954  7885431  78.85
  2006         1-4      0.00052  0.00209  1.46   98856     207  394900  7786477  78.77
  2006         5-9      0.00024  0.00120  2.41   98649     118  492940  7391577  74.93
  2006        10-14     0.00025  0.00127  2.76   98531     126  492374  6898637  70.01
  2006        15-19     0.00044  0.00219  2.65   98406     216  491519  6406263  65.10
  2006        20-24     0.00049  0.00243  2.52   98190     239  490356  5914743  60.24
  2006        25-29     0.00056  0.00279  2.60   97951     274  489098  5424387  55.38
  2006        30-34     0.00076  0.00380  2.66   97677     371  487518  4935290  50.53
  2006        35-39     0.00116  0.00578  2.58   97306     562  485170  4447771  45.71
  2006        40-44     0.00167  0.00832  2.64   96744     805  481822  3962602  40.96
  2006        45-49     0.00263  0.01309  2.71   95939    1256  476819  3480780  36.28
  2006        50-54     0.00406  0.02010  2.65   94683    1903  468948  3003961  31.73
  2006        55-59     0.00613  0.03023  2.63   92780    2805  457257  2535013  27.32
  2006        60-64     0.00949  0.04641  2.61   89975    4175  439911  2077757  23.09
  2006        65-69     0.01338  0.06484  2.62   85800    5564  415768  1637846  19.09
  2006        70-74     0.02085  0.09944  2.67   80236    7978  382593  1222078  15.23
  2006        75-79     0.03649  0.16787  2.62   72258   12130  332383   839485  11.62
  2006        80-84     0.07132  0.30650  2.71   60128   18429  258386   507101   8.43
  2006        85-89     0.12722  0.47934  2.43   41699   19988  157109   248715   5.96
  2006        90-94     0.20427  0.65578  2.27   21711   14238   69698    91606   4.22
  2006        95-99     0.32153  0.81992  2.01    7473    6128   19057    21908   2.93
  2006       100-104    0.46253  0.91822  1.72    1346    1236    2672     2851   2.12
  2006       105-109    0.61077  0.96437  1.45     110     106     174      179   1.63
  2006       110+       0.72547  1.00000  1.38       4       4       5        5   1.38
  2007           0      0.01215  0.01202  0.09  100000    1202   98903  7827822  78.28
  2007         1-4      0.00055  0.00220  1.51   98798     217  394653  7728919  78.23
  2007         5-9      0.00021  0.00106  2.28   98581     104  492624  7334266  74.40
  2007        10-14     0.00027  0.00136  2.73   98477     134  492083  6841642  69.47
  2007        15-19     0.00044  0.00220  2.47   98343     217  491170  6349559  64.57
  2007        20-24     0.00050  0.00249  2.63   98127     244  490055  5858389  59.70
  2007        25-29     0.00059  0.00295  2.52   97883     288  488698  5368334  54.84
  2007        30-34     0.00077  0.00386  2.65   97594     377  487087  4879636  50.00
  2007        35-39     0.00114  0.00570  2.63   97218     554  484779  4392549  45.18
  2007        40-44     0.00173  0.00863  2.65   96664     834  481362  3907770  40.43
  2007        45-49     0.00267  0.01328  2.68   95830    1272  476193  3426408  35.76
  2007        50-54     0.00416  0.02062  2.65   94557    1950  468208  2950216  31.20
  2007        55-59     0.00637  0.03140  2.66   92608    2908  456244  2482008  26.80
  2007        60-64     0.00964  0.04713  2.63   89700    4227  438462  2025764  22.58
  2007        65-69     0.01441  0.06972  2.66   85472    5959  413409  1587301  18.57
  2007        70-74     0.02192  0.10422  2.65   79513    8287  378092  1173893  14.76
  2007        75-79     0.03952  0.18072  2.64   71226   12872  325708   795800  11.17
  2007        80-84     0.07324  0.31405  2.73   58354   18326  250226   470092   8.06
  2007        85-89     0.14320  0.52090  2.38   40028   20850  145601   219866   5.49
  2007        90-94     0.22613  0.69448  2.22   19177   13318   58896    74265   3.87
  2007        95-99     0.36461  0.85979  1.93    5859    5038   13817    15368   2.62
  2007       100-104    0.52230  0.94236  1.61     822     774    1482     1552   1.89
  2007       105-109    0.67752  0.97580  1.35      47      46      68       70   1.47
  2007       110+       0.78941  1.00000  1.27       1       1       1        1   1.27
  2008           0      0.01182  0.01169  0.09  100000    1169   98932  7890944  78.91
  2008         1-4      0.00051  0.00203  1.49   98831     200  394822  7792013  78.84
  2008         5-9      0.00022  0.00112  2.41   98631     111  492867  7397191  75.00
  2008        10-14     0.00025  0.00126  2.56   98520     124  492299  6904323  70.08
  2008        15-19     0.00046  0.00231  2.48   98396     227  491408  6412024  65.17
  2008        20-24     0.00052  0.00257  2.44   98169     252  490200  5920616  60.31
  2008        25-29     0.00057  0.00286  2.59   97916     280  488908  5430416  55.46
  2008        30-34     0.00073  0.00366  2.61   97637     357  487330  4941508  50.61
  2008        35-39     0.00111  0.00555  2.67   97279     540  485140  4454178  45.79
  2008        40-44     0.00160  0.00795  2.67   96739     769  481903  3969038  41.03
  2008        45-49     0.00264  0.01312  2.67   95970    1259  476921  3487135  36.34
  2008        50-54     0.00405  0.02004  2.66   94711    1898  469122  3010214  31.78
  2008        55-59     0.00623  0.03070  2.66   92813    2849  457407  2541092  27.38
  2008        60-64     0.00916  0.04484  2.63   89964    4034  440254  2083685  23.16
  2008        65-69     0.01377  0.06669  2.65   85930    5731  416180  1643431  19.13
  2008        70-74     0.02067  0.09852  2.63   80199    7901  382301  1227252  15.30
  2008        75-79     0.03529  0.16307  2.68   72298   11789  334101   844951  11.69
  2008        80-84     0.06522  0.28311  2.67   60509   17131  262640   510850   8.44
  2008        85-89     0.13665  0.50367  2.39   43378   21848  159884   248210   5.72
  2008        90-94     0.20976  0.66567  2.26   21530   14332   68322    88326   4.10
  2008        95-99     0.34128  0.83995  1.98    7198    6046   17716    20004   2.78
  2008       100-104    0.49520  0.93275  1.66    1152    1075    2170     2288   1.99
  2008       105-109    0.65163  0.97200  1.39      77      75     116      118   1.53
  2008       110+       0.76761  1.00000  1.30       2       2       3        3   1.30
  2009           0      0.01093  0.01082  0.08  100000    1082   99008  7891892  78.92
  2009         1-4      0.00051  0.00205  1.62   98918     202  395190  7792884  78.78
  2009         5-9      0.00024  0.00120  2.39   98715     118  493268  7397694  74.94
  2009        10-14     0.00025  0.00123  2.71   98597     121  492709  6904426  70.03
  2009        15-19     0.00048  0.00240  2.60   98476     237  491812  6411717  65.11
  2009        20-24     0.00054  0.00268  2.63   98239     263  490574  5919905  60.26
  2009        25-29     0.00065  0.00326  2.54   97977     320  489097  5429331  55.41
  2009        30-34     0.00084  0.00421  2.68   97657     411  487333  4940234  50.59
  2009        35-39     0.00122  0.00609  2.63   97246     592  484825  4452901  45.79
  2009        40-44     0.00178  0.00887  2.63   96654     858  481236  3968076  41.05
  2009        45-49     0.00268  0.01334  2.66   95796    1277  475990  3486839  36.40
  2009        50-54     0.00414  0.02052  2.65   94519    1939  468034  3010850  31.85
  2009        55-59     0.00617  0.03041  2.66   92579    2815  456301  2542816  27.47
  2009        60-64     0.00948  0.04635  2.66   89764    4161  439072  2086515  23.24
  2009        65-69     0.01359  0.06582  2.63   85603    5634  414637  1647443  19.25
  2009        70-74     0.02062  0.09828  2.63   79969    7859  381204  1232806  15.42
  2009        75-79     0.03466  0.16059  2.71   72110   11580  334067   851602  11.81
  2009        80-84     0.06123  0.26705  2.61   60530   16165  263987   517535   8.55
  2009        85-89     0.13681  0.50870  2.48   44365   22568  164960   253548   5.72
  2009        90-94     0.21205  0.66873  2.24   21797   14576   68739    88588   4.06
  2009        95-99     0.34527  0.84412  1.97    7221    6095   17653    19848   2.75
  2009       100-104    0.50470  0.93663  1.64    1126    1054    2089     2196   1.95
  2009       105-109    0.66502  0.97418  1.37      71      69     104      107   1.50
  2009       110+       0.78184  1.00000  1.28       2       2       2        2   1.28
  2010           0      0.01085  0.01074  0.08  100000    1074   99015  7875642  78.76
  2010         1-4      0.00045  0.00181  1.52   98926     179  395259  7776627  78.61
  2010         5-9      0.00019  0.00094  2.40   98747      93  493491  7381368  74.75
  2010        10-14     0.00026  0.00128  2.79   98654     127  492988  6887877  69.82
  2010        15-19     0.00044  0.00222  2.62   98527     218  492114  6394889  64.91
  2010        20-24     0.00052  0.00260  2.54   98308     256  490912  5902775  60.04
  2010        25-29     0.00057  0.00282  2.60   98053     277  489600  5411863  55.19
  2010        30-34     0.00080  0.00400  2.57   97776     391  487930  4922263  50.34
  2010        35-39     0.00112  0.00560  2.70   97385     546  485670  4434333  45.53
  2010        40-44     0.00167  0.00832  2.61   96839     806  482272  3948663  40.78
  2010        45-49     0.00265  0.01316  2.72   96033    1263  477284  3466391  36.10
  2010        50-54     0.00397  0.01965  2.67   94770    1862  469507  2989108  31.54
  2010        55-59     0.00611  0.03013  2.66   92907    2799  457994  2519601  27.12
  2010        60-64     0.00936  0.04580  2.66   90108    4127  440892  2061607  22.88
  2010        65-69     0.01379  0.06674  2.59   85981    5739  416089  1620715  18.85
  2010        70-74     0.02148  0.10216  2.61   80242    8198  381621  1204626  15.01
  2010        75-79     0.03589  0.16567  2.68   72045   11936  332563   823005  11.42
  2010        80-84     0.06510  0.28147  2.60   60109   16919  259889   490442   8.16
  2010        85-89     0.14619  0.53778  2.54   43190   23227  158879   230553   5.34
  2010        90-94     0.24769  0.72599  2.15   19964   14493   58514    71674   3.59
  2010        95-99     0.40097  0.88791  1.86    5470    4857   12113    13160   2.41
  2010       100-104    0.58035  0.95943  1.51     613     588    1014     1047   1.71
  2010       105-109    0.74362  0.98358  1.26      25      24      33       33   1.34
  2010       110+       0.84995  1.00000  1.18       0       0       0        0   1.18
  2011           0      0.01083  0.01072  0.08  100000    1072   99017  7889928  78.90
  2011         1-4      0.00042  0.00168  1.59   98928     166  395309  7790911  78.75
  2011         5-9      0.00019  0.00097  2.37   98761      96  493555  7395602  74.88
  2011        10-14     0.00024  0.00120  2.70   98666     119  493056  6902047  69.95
  2011        15-19     0.00046  0.00230  2.68   98547     227  492209  6408991  65.03
  2011        20-24     0.00049  0.00244  2.40   98320     240  490977  5916782  60.18
  2011        25-29     0.00059  0.00292  2.60   98080     287  489714  5425804  55.32
  2011        30-34     0.00076  0.00380  2.61   97793     371  488079  4936091  50.47
  2011        35-39     0.00110  0.00549  2.65   97422     535  485855  4448012  45.66
  2011        40-44     0.00170  0.00847  2.62   96887     821  482486  3962157  40.89
  2011        45-49     0.00258  0.01280  2.68   96067    1230  477480  3479671  36.22
  2011        50-54     0.00398  0.01974  2.67   94837    1872  469830  3002191  31.66
  2011        55-59     0.00595  0.02936  2.64   92965    2730  458386  2532361  27.24
  2011        60-64     0.00946  0.04628  2.65   90235    4176  441345  2073975  22.98
  2011        65-69     0.01387  0.06715  2.62   86059    5779  416532  1632630  18.97
  2011        70-74     0.02104  0.10020  2.63   80281    8044  382327  1216098  15.15
  2011        75-79     0.03451  0.15962  2.65   72236   11530  334068   833771  11.54
  2011        80-84     0.06357  0.27542  2.58   60706   16720  263001   499704   8.23
  2011        85-89     0.14074  0.52936  2.66   43986   23285  165439   236703   5.38
  2011        90-94     0.26138  0.74405  2.11   20702   15403   58931    71264   3.44
  2011        95-99     0.41570  0.89785  1.84    5299    4757   11444    12334   2.33
  2011       100-104    0.60388  0.96484  1.47     541     522     865      890   1.64
  2011       105-109    0.76888  0.98583  1.23      19      19      24       25   1.30
  2011       110+       0.87121  1.00000  1.15       0       0       0        0   1.15
  2012           0      0.01017  0.01007  0.08  100000    1007   99075  7912988  79.13
  2012         1-4      0.00044  0.00175  1.53   98993     173  395542  7813913  78.93
  2012         5-9      0.00018  0.00091  2.49   98819      90  493869  7418371  75.07
  2012        10-14     0.00020  0.00100  2.81   98729      98  493428  6924502  70.14
  2012        15-19     0.00049  0.00247  2.58   98630     243  492563  6431074  65.20
  2012        20-24     0.00053  0.00265  2.44   98387     260  491269  5938511  60.36
  2012        25-29     0.00058  0.00290  2.59   98126     284  489948  5447242  55.51
  2012        30-34     0.00077  0.00385  2.66   97842     377  488331  4957295  50.67
  2012        35-39     0.00110  0.00547  2.69   97465     533  486094  4468964  45.85
  2012        40-44     0.00160  0.00796  2.65   96932     771  482850  3982870  41.09
  2012        45-49     0.00260  0.01291  2.69   96161    1241  477938  3500020  36.40
  2012        50-54     0.00396  0.01959  2.65   94920    1860  470229  3022082  31.84
  2012        55-59     0.00602  0.02970  2.63   93060    2763  458763  2551854  27.42
  2012        60-64     0.00919  0.04500  2.65   90296    4063  441947  2093090  23.18
  2012        65-69     0.01402  0.06787  2.65   86233    5853  417420  1651144  19.15
  2012        70-74     0.02102  0.10011  2.63   80380    8047  382791  1233724  15.35
  2012        75-79     0.03267  0.15165  2.64   72334   10969  335759   850933  11.76
  2012        80-84     0.06231  0.27139  2.63   61364   16653  267274   515174   8.40
  2012        85-89     0.12755  0.49420  2.72   44711   22096  173237   247900   5.54
  2012        90-94     0.27625  0.76353  2.07   22615   17267   62506    74663   3.30
  2012        95-99     0.42648  0.90488  1.82    5348    4839   11346    12157   2.27
  2012       100-104    0.62342  0.96884  1.44     509     493     791      811   1.59
  2012       105-109    0.79020  0.98749  1.20      16      16      20       20   1.26
  2012       110+       0.88871  1.00000  1.13       0       0       0        0   1.13
  2013           0      0.01005  0.00996  0.08  100000     996   99085  7909449  79.09
  2013         1-4      0.00042  0.00166  1.63   99004     164  395627  7810365  78.89
  2013         5-9      0.00017  0.00085  2.43   98840      84  493982  7414737  75.02
  2013        10-14     0.00023  0.00116  2.77   98756     115  493522  6920755  70.08
  2013        15-19     0.00048  0.00240  2.60   98641     236  492637  6427233  65.16
  2013        20-24     0.00052  0.00261  2.49   98405     256  491380  5934596  60.31
  2013        25-29     0.00060  0.00301  2.58   98148     296  490026  5443217  55.46
  2013        30-34     0.00077  0.00383  2.57   97853     375  488352  4953190  50.62
  2013        35-39     0.00105  0.00526  2.65   97478     512  486185  4464838  45.80
  2013        40-44     0.00167  0.00832  2.67   96965     807  482943  3978653  41.03
  2013        45-49     0.00250  0.01243  2.68   96158    1196  478024  3495710  36.35
  2013        50-54     0.00384  0.01902  2.65   94963    1806  470569  3017686  31.78
  2013        55-59     0.00600  0.02960  2.65   93157    2757  459306  2547117  27.34
  2013        60-64     0.00933  0.04568  2.68   90400    4130  442424  2087811  23.10
  2013        65-69     0.01417  0.06854  2.64   86270    5913  417403  1645387  19.07
  2013        70-74     0.02121  0.10101  2.66   80357    8117  382753  1227984  15.28
  2013        75-79     0.03319  0.15386  2.63   72240   11115  334902   845231  11.70
  2013        80-84     0.06231  0.27185  2.66   61126   16617  266694   510328   8.35
  2013        85-89     0.11782  0.46009  2.62   44508   20478  173811   243634   5.47
  2013        90-94     0.32426  0.82067  1.99   24031   19721   60818    69823   2.91
  2013        95-99     0.46753  0.92632  1.74    4310    3992    8539     9005   2.09
  2013       100-104    0.67822  0.97749  1.36     318     310     458      466   1.47
  2013       105-109    0.83889  0.99050  1.14       7       7       8        9   1.19
  2013       110+       0.92296  1.00000  1.08       0       0       0        0   1.08
