ARG, Life tables (period 5x5), Females	Last modified: 04 ago. 2019; MPv5 (May07)

  Year          Age         mx       qx    ax      lx      dx      Lx       Tx     ex
1990-1994        0      0.02009  0.01974  0.11  100000    1974   98242  7682523  76.83
1990-1994      1-4      0.00083  0.00332  1.33   98026     326  391235  7584281  77.37
1990-1994      5-9      0.00026  0.00128  2.44   97701     125  488183  7193046  73.62
1990-1994     10-14     0.00026  0.00128  2.67   97576     125  487588  6704863  68.71
1990-1994     15-19     0.00046  0.00229  2.64   97451     223  486728  6217276  63.80
1990-1994     20-24     0.00061  0.00306  2.56   97228     298  485414  5730548  58.94
1990-1994     25-29     0.00072  0.00359  2.62   96930     348  483819  5245134  54.11
1990-1994     30-34     0.00095  0.00474  2.63   96582     457  481823  4761315  49.30
1990-1994     35-39     0.00141  0.00704  2.69   96124     677  479057  4279492  44.52
1990-1994     40-44     0.00216  0.01073  2.63   95447    1024  474811  3800435  39.82
1990-1994     45-49     0.00311  0.01544  2.64   94423    1458  468667  3325625  35.22
1990-1994     50-54     0.00450  0.02228  2.60   92965    2071  459851  2856957  30.73
1990-1994     55-59     0.00648  0.03189  2.66   90894    2899  447678  2397106  26.37
1990-1994     60-64     0.01006  0.04916  2.65   87995    4326  429818  1949428  22.15
1990-1994     65-69     0.01535  0.07413  2.67   83669    6202  403918  1519610  18.16
1990-1994     70-74     0.02489  0.11756  2.64   77467    9107  365850  1115693  14.40
1990-1994     75-79     0.04431  0.20069  2.65   68360   13719  309595   749843  10.97
1990-1994     80-84     0.07720  0.32515  2.58   54641   17766  230122   440248   8.06
1990-1994     85-89     0.13506  0.50209  2.45   36874   18514  137078   210126   5.70
1990-1994     90-94     0.22068  0.68483  2.23   18360   12574   56978    73048   3.98
1990-1994     95-99     0.34231  0.83966  1.97    5787    4859   14194    16069   2.78
1990-1994    100-104    0.48637  0.92850  1.67     928     861    1771     1875   2.02
1990-1994    105-109    0.63396  0.96871  1.42      66      64     101      104   1.57
1990-1994    110+       0.74581  1.00000  1.34       2       2       3        3   1.34
1995-1999        0      0.01785  0.01757  0.10  100000    1757   98424  7732921  77.33
1995-1999      1-4      0.00074  0.00297  1.43   98243     291  392222  7634498  77.71
1995-1999      5-9      0.00024  0.00119  2.40   97951     116  489455  7242275  73.94
1995-1999     10-14     0.00027  0.00133  2.68   97835     130  488874  6752820  69.02
1995-1999     15-19     0.00047  0.00237  2.60   97705     232  487970  6263946  64.11
1995-1999     20-24     0.00060  0.00301  2.56   97473     294  486651  5775976  59.26
1995-1999     25-29     0.00077  0.00386  2.58   97180     375  484992  5289325  54.43
1995-1999     30-34     0.00098  0.00489  2.59   96805     473  482883  4804333  49.63
1995-1999     35-39     0.00133  0.00663  2.65   96332     639  480160  4321450  44.86
1995-1999     40-44     0.00201  0.01002  2.67   95693     959  476227  3841289  40.14
1995-1999     45-49     0.00308  0.01528  2.69   94734    1447  470322  3365062  35.52
1995-1999     50-54     0.00458  0.02267  2.62   93287    2115  461398  2894740  31.03
1995-1999     55-59     0.00651  0.03207  2.63   91172    2924  448928  2433342  26.69
1995-1999     60-64     0.00959  0.04691  2.66   88248    4139  431534  1984413  22.49
1995-1999     65-69     0.01513  0.07308  2.65   84108    6146  406102  1552880  18.46
1995-1999     70-74     0.02431  0.11501  2.67   77962    8966  368901  1146777  14.71
1995-1999     75-79     0.04280  0.19440  2.65   68996   13413  313413   777876  11.27
1995-1999     80-84     0.07329  0.31105  2.57   55583   17289  235905   464463   8.36
1995-1999     85-89     0.12646  0.47861  2.46   38294   18328  144928   228558   5.97
1995-1999     90-94     0.20770  0.66312  2.27   19966   13240   63745    83629   4.19
1995-1999     95-99     0.31873  0.81660  2.01    6726    5493   17233    19885   2.96
1995-1999    100-104    0.45545  0.91455  1.73    1234    1128    2477     2652   2.15
1995-1999    105-109    0.60008  0.96198  1.47     105     101     169      175   1.66
1995-1999    110+       0.71308  1.00000  1.40       4       4       6        6   1.40
2000-2004        0      0.01483  0.01463  0.09  100000    1463   98675  7809898  78.10
2000-2004      1-4      0.00061  0.00243  1.50   98537     240  393547  7711223  78.26
2000-2004      5-9      0.00022  0.00112  2.37   98297     110  491194  7317675  74.44
2000-2004     10-14     0.00024  0.00121  2.68   98187     119  490657  6826481  69.53
2000-2004     15-19     0.00044  0.00217  2.58   98068     213  489823  6335824  64.61
2000-2004     20-24     0.00049  0.00247  2.55   97855     241  488682  5846001  59.74
2000-2004     25-29     0.00061  0.00307  2.64   97613     300  487358  5357319  54.88
2000-2004     30-34     0.00087  0.00434  2.61   97314     422  485557  4869961  50.04
2000-2004     35-39     0.00121  0.00604  2.67   96891     586  483094  4384403  45.25
2000-2004     40-44     0.00184  0.00915  2.69   96306     881  479492  3901310  40.51
2000-2004     45-49     0.00281  0.01396  2.68   95425    1333  474032  3421817  35.86
2000-2004     50-54     0.00445  0.02201  2.67   94092    2071  465627  2947786  31.33
2000-2004     55-59     0.00648  0.03190  2.63   92021    2936  453143  2482159  26.97
2000-2004     60-64     0.00934  0.04569  2.64   89085    4070  435814  2029016  22.78
2000-2004     65-69     0.01406  0.06803  2.65   85015    5783  411463  1593202  18.74
2000-2004     70-74     0.02314  0.10976  2.66   79231    8697  375818  1181739  14.92
2000-2004     75-79     0.03897  0.17854  2.65   70535   12594  323123   805921  11.43
2000-2004     80-84     0.07547  0.31844  2.55   57941   18451  244484   482798   8.33
2000-2004     85-89     0.12441  0.47289  2.46   39490   18674  150105   238314   6.03
2000-2004     90-94     0.20517  0.65759  2.27   20816   13688   66718    88209   4.24
2000-2004     95-99     0.31184  0.80892  2.03    7127    5766   18489    21491   3.02
2000-2004    100-104    0.44341  0.90818  1.75    1362    1237    2789     3002   2.20
2000-2004    105-109    0.58409  0.95821  1.49     125     120     205      213   1.70
2000-2004    110+       0.69544  1.00000  1.44       5       5       8        8   1.44
2005-2009        0      0.01163  0.01151  0.09  100000    1151   98948  7873755  78.74
2005-2009      1-4      0.00053  0.00211  1.53   98849     208  394883  7774807  78.65
2005-2009      5-9      0.00023  0.00113  2.35   98641     112  492910  7379924  74.82
2005-2009     10-14     0.00025  0.00126  2.68   98529     124  492359  6887013  69.90
2005-2009     15-19     0.00045  0.00223  2.57   98405     220  491492  6394654  64.98
2005-2009     20-24     0.00050  0.00249  2.55   98186     245  490328  5903162  60.12
2005-2009     25-29     0.00058  0.00291  2.56   97941     285  489010  5412833  55.27
2005-2009     30-34     0.00077  0.00386  2.65   97656     377  487394  4923824  50.42
2005-2009     35-39     0.00115  0.00573  2.63   97279     557  485074  4436430  45.61
2005-2009     40-44     0.00170  0.00849  2.66   96722     821  481688  3951356  40.85
2005-2009     45-49     0.00266  0.01324  2.68   95901    1270  476557  3469669  36.18
2005-2009     50-54     0.00412  0.02039  2.65   94631    1929  468629  2993111  31.63
2005-2009     55-59     0.00621  0.03062  2.66   92702    2839  456853  2524482  27.23
2005-2009     60-64     0.00940  0.04596  2.62   89863    4130  439501  2067629  23.01
2005-2009     65-69     0.01375  0.06657  2.63   85733    5708  415159  1628128  18.99
2005-2009     70-74     0.02114  0.10072  2.65   80026    8060  381187  1212969  15.16
2005-2009     75-79     0.03671  0.16898  2.65   71966   12160  331249   831783  11.56
2005-2009     80-84     0.06866  0.29596  2.67   59805   17700  257790   500533   8.37
2005-2009     85-89     0.13439  0.49918  2.42   42105   21018  156400   242744   5.77
2005-2009     90-94     0.21103  0.66803  2.25   21087   14087   66752    86344   4.09
2005-2009     95-99     0.33877  0.83726  1.98    7000    5861   17301    19591   2.80
2005-2009    100-104    0.48892  0.93005  1.67    1139    1060    2167     2291   2.01
2005-2009    105-109    0.64252  0.97041  1.40      80      77     120      123   1.55
2005-2009    110+       0.75765  1.00000  1.32       2       2       3        3   1.32
2010-2013        0      0.01048  0.01038  0.08  100000    1038   99048  7898387  78.98
2010-2013      1-4      0.00043  0.00173  1.57   98962     171  395434  7799339  78.81
2010-2013      5-9      0.00018  0.00092  2.42   98792      91  493723  7403906  74.94
2010-2013     10-14     0.00023  0.00116  2.76   98701     115  493247  6910182  70.01
2010-2013     15-19     0.00047  0.00235  2.62   98586     231  492379  6416935  65.09
2010-2013     20-24     0.00052  0.00257  2.47   98355     253  491133  5924556  60.24
2010-2013     25-29     0.00058  0.00291  2.60   98102     286  489820  5433423  55.39
2010-2013     30-34     0.00078  0.00387  2.60   97816     378  488172  4943603  50.54
2010-2013     35-39     0.00109  0.00545  2.67   97437     531  485950  4455431  45.73
2010-2013     40-44     0.00166  0.00826  2.64   96906     801  482639  3969481  40.96
2010-2013     45-49     0.00258  0.01282  2.69   96105    1232  477683  3486842  36.28
2010-2013     50-54     0.00394  0.01950  2.66   94873    1850  470036  3009159  31.72
2010-2013     55-59     0.00602  0.02969  2.65   93023    2762  458616  2539123  27.30
2010-2013     60-64     0.00934  0.04569  2.66   90261    4124  441657  2080508  23.05
2010-2013     65-69     0.01397  0.06759  2.63   86137    5822  416866  1638850  19.03
2010-2013     70-74     0.02118  0.10086  2.63   80315    8100  382377  1221984  15.21
2010-2013     75-79     0.03405  0.15766  2.65   72215   11385  334331   839607  11.63
2010-2013     80-84     0.06330  0.27498  2.61   60829   16727  264233   505276   8.31
2010-2013     85-89     0.13132  0.50104  2.64   44102   22097  168272   241044   5.47
2010-2013     90-94     0.27574  0.76408  2.08   22005   16814   60978    72771   3.31
2010-2013     95-99     0.42692  0.90484  1.82    5191    4697   11003    11793   2.27
2010-2013    100-104    0.62123  0.96835  1.45     494     478     770      790   1.60
2010-2013    105-109    0.78663  0.98722  1.21      16      15      20       20   1.27
2010-2013    110+       0.88536  1.00000  1.13       0       0       0        0   1.13
