ARG, Life tables (period 5x10), Females	Last modified: 04 ago. 2019; MPv5 (May07)

  Year          Age         mx       qx    ax      lx      dx      Lx       Tx     ex
1990-1999        0      0.01898  0.01866  0.11  100000    1866   98332  7708684  77.09
1990-1999      1-4      0.00079  0.00315  1.38   98134     309  391725  7610352  77.55
1990-1999      5-9      0.00025  0.00123  2.42   97825     120  488814  7218627  73.79
1990-1999     10-14     0.00026  0.00131  2.68   97705     128  488226  6729813  68.88
1990-1999     15-19     0.00047  0.00233  2.62   97577     227  487344  6241587  63.97
1990-1999     20-24     0.00061  0.00304  2.56   97350     296  486027  5754243  59.11
1990-1999     25-29     0.00075  0.00373  2.60   97054     362  484400  5268215  54.28
1990-1999     30-34     0.00096  0.00481  2.61   96692     465  482346  4783815  49.47
1990-1999     35-39     0.00137  0.00683  2.67   96227     658  479602  4301469  44.70
1990-1999     40-44     0.00208  0.01036  2.65   95569     990  475517  3821867  39.99
1990-1999     45-49     0.00309  0.01536  2.66   94579    1452  469499  3346350  35.38
1990-1999     50-54     0.00455  0.02248  2.61   93127    2094  460627  2876851  30.89
1990-1999     55-59     0.00650  0.03199  2.64   91033    2912  448301  2416224  26.54
1990-1999     60-64     0.00983  0.04803  2.65   88121    4232  430675  1967923  22.33
1990-1999     65-69     0.01524  0.07358  2.66   83889    6172  405011  1537249  18.32
1990-1999     70-74     0.02458  0.11621  2.66   77716    9031  367404  1132237  14.57
1990-1999     75-79     0.04353  0.19743  2.65   68685   13561  311556   764833  11.14
1990-1999     80-84     0.07509  0.31754  2.57   55125   17504  233112   453277   8.22
1990-1999     85-89     0.13014  0.48874  2.45   37620   18387  141288   220164   5.85
1990-1999     90-94     0.21300  0.67207  2.26   19234   12926   60688    78876   4.10
1990-1999     95-99     0.32795  0.82593  2.00    6307    5209   15884    18189   2.88
1990-1999    100-104    0.46732  0.92017  1.71    1098    1010    2162     2304   2.10
1990-1999    105-109    0.61297  0.96469  1.45      88      85     138      142   1.62
1990-1999    110+       0.72552  1.00000  1.38       3       3       4        4   1.38
2000-2009        0      0.01320  0.01305  0.09  100000    1305   98813  7843032  78.43
2000-2009      1-4      0.00057  0.00227  1.51   98695     224  394225  7744219  78.47
2000-2009      5-9      0.00023  0.00113  2.36   98472     111  492065  7349994  74.64
2000-2009     10-14     0.00025  0.00123  2.68   98361     121  491521  6857929  69.72
2000-2009     15-19     0.00044  0.00220  2.57   98239     217  490670  6366408  64.81
2000-2009     20-24     0.00050  0.00248  2.55   98023     243  489518  5875738  59.94
2000-2009     25-29     0.00060  0.00298  2.60   97780     292  488197  5386220  55.09
2000-2009     30-34     0.00082  0.00408  2.63   97488     398  486495  4898023  50.24
2000-2009     35-39     0.00118  0.00588  2.65   97090     571  484108  4411528  45.44
2000-2009     40-44     0.00177  0.00881  2.67   96519     850  480616  3927420  40.69
2000-2009     45-49     0.00274  0.01360  2.68   95669    1301  475323  3446804  36.03
2000-2009     50-54     0.00428  0.02117  2.66   94368    1997  467164  2971480  31.49
2000-2009     55-59     0.00634  0.03123  2.64   92370    2885  455052  2504316  27.11
2000-2009     60-64     0.00937  0.04583  2.63   89486    4101  437713  2049264  22.90
2000-2009     65-69     0.01390  0.06729  2.64   85385    5745  413364  1611552  18.87
2000-2009     70-74     0.02213  0.10518  2.66   79639    8377  378559  1198187  15.05
2000-2009     75-79     0.03779  0.17354  2.65   71263   12367  327262   819628  11.50
2000-2009     80-84     0.07165  0.30596  2.61   58896   18020  251494   492366   8.36
2000-2009     85-89     0.12946  0.48634  2.44   40876   19880  153557   240872   5.89
2000-2009     90-94     0.20827  0.66321  2.26   20997   13925   66860    87314   4.16
2000-2009     95-99     0.32656  0.82492  2.00    7071    5833   17863    20454   2.89
2000-2009    100-104    0.46845  0.92091  1.71    1238    1140    2434     2592   2.09
2000-2009    105-109    0.61668  0.96553  1.44      98      95     153      158   1.61
2000-2009    110+       0.73077  1.00000  1.37       3       3       5        5   1.37
2010-2013        0      0.01048  0.01038  0.08  100000    1038   99048  7898387  78.98
2010-2013      1-4      0.00043  0.00173  1.57   98962     171  395434  7799339  78.81
2010-2013      5-9      0.00018  0.00092  2.42   98792      91  493723  7403906  74.94
2010-2013     10-14     0.00023  0.00116  2.76   98701     115  493247  6910182  70.01
2010-2013     15-19     0.00047  0.00235  2.62   98586     231  492379  6416935  65.09
2010-2013     20-24     0.00052  0.00257  2.47   98355     253  491133  5924556  60.24
2010-2013     25-29     0.00058  0.00291  2.60   98102     286  489820  5433423  55.39
2010-2013     30-34     0.00078  0.00387  2.60   97816     378  488172  4943603  50.54
2010-2013     35-39     0.00109  0.00545  2.67   97437     531  485950  4455431  45.73
2010-2013     40-44     0.00166  0.00826  2.64   96906     801  482639  3969481  40.96
2010-2013     45-49     0.00258  0.01282  2.69   96105    1232  477683  3486842  36.28
2010-2013     50-54     0.00394  0.01950  2.66   94873    1850  470036  3009159  31.72
2010-2013     55-59     0.00602  0.02969  2.65   93023    2762  458616  2539123  27.30
2010-2013     60-64     0.00934  0.04569  2.66   90261    4124  441657  2080508  23.05
2010-2013     65-69     0.01397  0.06759  2.63   86137    5822  416866  1638850  19.03
2010-2013     70-74     0.02118  0.10086  2.63   80315    8100  382377  1221984  15.21
2010-2013     75-79     0.03405  0.15766  2.65   72215   11385  334331   839607  11.63
2010-2013     80-84     0.06330  0.27498  2.61   60829   16727  264233   505276   8.31
2010-2013     85-89     0.13132  0.50104  2.64   44102   22097  168272   241044   5.47
2010-2013     90-94     0.27574  0.76408  2.08   22005   16814   60978    72771   3.31
2010-2013     95-99     0.42692  0.90484  1.82    5191    4697   11003    11793   2.27
2010-2013    100-104    0.62123  0.96835  1.45     494     478     770      790   1.60
2010-2013    105-109    0.78663  0.98722  1.21      16      15      20       20   1.27
2010-2013    110+       0.88536  1.00000  1.13       0       0       0        0   1.13
