ARG, Life tables (period 1x5), Females	Last modified: 04 ago. 2019; MPv5 (May07)

  Year          Age         mx       qx    ax      lx      dx      Lx       Tx     ex
1990-1994        0      0.02009  0.01974  0.11  100000    1974   98242  7682523  76.83
1990-1994        1      0.00170  0.00170  0.50   98026     167   97943  7584281  77.37
1990-1994        2      0.00083  0.00083  0.50   97859      81   97819  7486339  76.50
1990-1994        3      0.00045  0.00045  0.50   97778      44   97756  7388520  75.56
1990-1994        4      0.00035  0.00035  0.50   97734      34   97717  7290764  74.60
1990-1994        5      0.00030  0.00030  0.50   97701      30   97686  7193046  73.62
1990-1994        6      0.00025  0.00025  0.50   97671      25   97659  7095360  72.65
1990-1994        7      0.00022  0.00022  0.50   97646      21   97635  6997702  71.66
1990-1994        8      0.00022  0.00022  0.50   97625      22   97614  6900066  70.68
1990-1994        9      0.00028  0.00028  0.50   97603      27   97589  6802452  69.70
1990-1994       10      0.00025  0.00025  0.50   97576      24   97564  6704863  68.71
1990-1994       11      0.00020  0.00020  0.50   97552      20   97542  6607300  67.73
1990-1994       12      0.00024  0.00024  0.50   97532      23   97520  6509758  66.75
1990-1994       13      0.00027  0.00027  0.50   97509      27   97495  6412238  65.76
1990-1994       14      0.00032  0.00032  0.50   97482      31   97466  6314742  64.78
1990-1994       15      0.00038  0.00038  0.50   97451      37   97432  6217276  63.80
1990-1994       16      0.00043  0.00043  0.50   97413      42   97392  6119843  62.82
1990-1994       17      0.00048  0.00048  0.50   97371      46   97348  6022451  61.85
1990-1994       18      0.00048  0.00048  0.50   97325      47   97302  5925103  60.88
1990-1994       19      0.00052  0.00052  0.50   97278      50   97253  5827801  59.91
1990-1994       20      0.00057  0.00057  0.50   97228      56   97200  5730548  58.94
1990-1994       21      0.00059  0.00059  0.50   97172      57   97144  5633348  57.97
1990-1994       22      0.00062  0.00062  0.50   97115      60   97085  5536204  57.01
1990-1994       23      0.00065  0.00065  0.50   97055      63   97024  5439119  56.04
1990-1994       24      0.00064  0.00064  0.50   96992      62   96961  5342095  55.08
1990-1994       25      0.00064  0.00064  0.50   96930      62   96899  5245134  54.11
1990-1994       26      0.00069  0.00069  0.50   96868      67   96835  5148235  53.15
1990-1994       27      0.00068  0.00068  0.50   96801      66   96768  5051400  52.18
1990-1994       28      0.00079  0.00079  0.50   96735      77   96697  4954632  51.22
1990-1994       29      0.00079  0.00079  0.50   96658      77   96620  4857935  50.26
1990-1994       30      0.00084  0.00084  0.50   96582      81   96541  4761315  49.30
1990-1994       31      0.00086  0.00086  0.50   96501      83   96459  4664774  48.34
1990-1994       32      0.00096  0.00096  0.50   96418      92   96371  4568314  47.38
1990-1994       33      0.00103  0.00103  0.50   96325      99   96276  4471943  46.43
1990-1994       34      0.00106  0.00106  0.50   96226     102   96175  4375667  45.47
1990-1994       35      0.00118  0.00118  0.50   96124     113   96068  4279492  44.52
1990-1994       36      0.00120  0.00120  0.50   96011     116   95953  4183424  43.57
1990-1994       37      0.00142  0.00142  0.50   95896     136   95828  4087471  42.62
1990-1994       38      0.00163  0.00163  0.50   95760     156   95682  3991643  41.68
1990-1994       39      0.00164  0.00164  0.50   95604     157   95526  3895961  40.75
1990-1994       40      0.00188  0.00188  0.50   95447     180   95357  3800435  39.82
1990-1994       41      0.00194  0.00194  0.50   95267     185   95175  3705078  38.89
1990-1994       42      0.00220  0.00220  0.50   95083     209   94978  3609903  37.97
1990-1994       43      0.00234  0.00234  0.50   94874     222   94763  3514925  37.05
1990-1994       44      0.00242  0.00241  0.50   94652     229   94537  3420162  36.13
1990-1994       45      0.00267  0.00266  0.50   94423     251   94298  3325625  35.22
1990-1994       46      0.00289  0.00289  0.50   94172     272   94036  3231327  34.31
1990-1994       47      0.00315  0.00314  0.50   93900     295   93752  3137291  33.41
1990-1994       48      0.00329  0.00329  0.50   93605     308   93451  3043539  32.51
1990-1994       49      0.00357  0.00356  0.50   93297     332   93131  2950088  31.62
1990-1994       50      0.00404  0.00403  0.50   92965     375   92777  2856957  30.73
1990-1994       51      0.00422  0.00421  0.50   92590     390   92395  2764180  29.85
1990-1994       52      0.00460  0.00459  0.50   92200     424   91988  2671785  28.98
1990-1994       53      0.00460  0.00459  0.50   91776     421   91566  2579797  28.11
1990-1994       54      0.00507  0.00505  0.50   91355     462   91125  2488231  27.24
1990-1994       55      0.00541  0.00539  0.50   90894     490   90649  2397106  26.37
1990-1994       56      0.00585  0.00583  0.50   90404     527   90140  2306458  25.51
1990-1994       57      0.00654  0.00652  0.50   89877     586   89584  2216318  24.66
1990-1994       58      0.00705  0.00703  0.50   89291     627   88977  2126734  23.82
1990-1994       59      0.00757  0.00754  0.50   88663     668   88329  2037757  22.98
1990-1994       60      0.00837  0.00834  0.50   87995     734   87628  1949428  22.15
1990-1994       61      0.00918  0.00914  0.50   87261     797   86862  1861800  21.34
1990-1994       62      0.01010  0.01005  0.50   86464     869   86029  1774938  20.53
1990-1994       63      0.01090  0.01084  0.50   85594     928   85131  1688909  19.73
1990-1994       64      0.01185  0.01178  0.50   84667     998   84168  1603778  18.94
1990-1994       65      0.01264  0.01256  0.50   83669    1051   83143  1519610  18.16
1990-1994       66      0.01361  0.01352  0.50   82618    1117   82059  1436467  17.39
1990-1994       67      0.01504  0.01492  0.50   81501    1216   80892  1354408  16.62
1990-1994       68      0.01680  0.01666  0.50   80284    1337   79616  1273516  15.86
1990-1994       69      0.01893  0.01875  0.50   78947    1480   78207  1193900  15.12
1990-1994       70      0.02061  0.02040  0.50   77467    1580   76677  1115693  14.40
1990-1994       71      0.02250  0.02225  0.50   75886    1688   75042  1039016  13.69
1990-1994       72      0.02473  0.02443  0.50   74198    1812   73292   963974  12.99
1990-1994       73      0.02687  0.02651  0.50   72386    1919   71426   890682  12.30
1990-1994       74      0.03035  0.02990  0.50   70467    2107   69413   819256  11.63
1990-1994       75      0.03468  0.03409  0.50   68360    2331   67194   749843  10.97
1990-1994       76      0.03908  0.03833  0.50   66029    2531   64764   682648  10.34
1990-1994       77      0.04376  0.04282  0.50   63498    2719   62139   617884   9.73
1990-1994       78      0.05046  0.04922  0.50   60779    2991   59284   555746   9.14
1990-1994       79      0.05599  0.05446  0.50   57788    3147   56214   496462   8.59
1990-1994       80      0.06198  0.06012  0.50   54641    3285   52998   440248   8.06
1990-1994       81      0.06814  0.06590  0.50   51356    3384   49664   387250   7.54
1990-1994       82      0.07775  0.07484  0.50   47972    3590   46176   337586   7.04
1990-1994       83      0.08761  0.08393  0.50   44381    3725   42519   291410   6.57
1990-1994       84      0.09756  0.09302  0.50   40656    3782   38765   248891   6.12
1990-1994       85      0.11070  0.10490  0.50   36874    3868   34940   210126   5.70
1990-1994       86      0.12287  0.11576  0.50   33006    3821   31096   175185   5.31
1990-1994       87      0.13661  0.12788  0.50   29186    3732   27319   144089   4.94
1990-1994       88      0.15393  0.14293  0.50   25453    3638   23634   116770   4.59
1990-1994       89      0.17200  0.15838  0.50   21815    3455   20088    93136   4.27
1990-1994       90      0.18924  0.17289  0.50   18360    3174   16773    73048   3.98
1990-1994       91      0.20926  0.18944  0.50   15186    2877   13748    56275   3.71
1990-1994       92      0.23095  0.20704  0.50   12309    2548   11035    42527   3.45
1990-1994       93      0.24262  0.21637  0.50    9761    2112    8705    31492   3.23
1990-1994       94      0.27722  0.24348  0.50    7649    1862    6718    22787   2.98
1990-1994       95      0.30468  0.26440  0.50    5787    1530    5022    16069   2.78
1990-1994       96      0.33218  0.28487  0.50    4257    1213    3650    11048   2.60
1990-1994       97      0.36087  0.30571  0.50    3044     931    2579     7398   2.43
1990-1994       98      0.39060  0.32678  0.50    2113     691    1768     4819   2.28
1990-1994       99      0.42115  0.34789  0.50    1423     495    1175     3051   2.14
1990-1994      100      0.45233  0.36890  0.50     928     342     757     1875   2.02
1990-1994      101      0.48388  0.38961  0.50     586     228     471     1119   1.91
1990-1994      102      0.51556  0.40990  0.50     357     147     284      647   1.81
1990-1994      103      0.54711  0.42960  0.50     211      91     166      363   1.72
1990-1994      104      0.57830  0.44859  0.50     120      54      93      197   1.64
1990-1994      105      0.60887  0.46677  0.50      66      31      51      104   1.57
1990-1994      106      0.63861  0.48405  0.50      35      17      27       53   1.51
1990-1994      107      0.66732  0.50037  0.50      18       9      14       26   1.45
1990-1994      108      0.69484  0.51568  0.50       9       5       7       13   1.40
1990-1994      109      0.72104  0.52997  0.50       4       2       3        6   1.37
1990-1994      110+     0.74581  1.00000  1.34       2       2       3        3   1.34
1995-1999        0      0.01785  0.01757  0.10  100000    1757   98424  7732921  77.33
1995-1999        1      0.00137  0.00137  0.50   98243     134   98176  7634498  77.71
1995-1999        2      0.00078  0.00078  0.50   98109      77   98070  7536322  76.82
1995-1999        3      0.00049  0.00048  0.50   98032      48   98008  7438251  75.88
1995-1999        4      0.00034  0.00034  0.50   97985      33   97968  7340243  74.91
1995-1999        5      0.00026  0.00026  0.50   97951      26   97939  7242275  73.94
1995-1999        6      0.00025  0.00025  0.50   97926      25   97913  7144337  72.96
1995-1999        7      0.00024  0.00024  0.50   97901      24   97889  7046423  71.97
1995-1999        8      0.00021  0.00021  0.50   97878      20   97867  6948534  70.99
1995-1999        9      0.00022  0.00022  0.50   97857      22   97846  6850666  70.01
1995-1999       10      0.00024  0.00024  0.50   97835      23   97824  6752820  69.02
1995-1999       11      0.00024  0.00024  0.50   97812      24   97800  6654997  68.04
1995-1999       12      0.00024  0.00024  0.50   97788      24   97777  6557197  67.06
1995-1999       13      0.00026  0.00026  0.50   97765      26   97752  6459420  66.07
1995-1999       14      0.00035  0.00035  0.50   97739      34   97722  6361668  65.09
1995-1999       15      0.00041  0.00041  0.50   97705      40   97685  6263946  64.11
1995-1999       16      0.00047  0.00047  0.50   97665      46   97643  6166261  63.14
1995-1999       17      0.00049  0.00049  0.50   97620      47   97596  6068619  62.17
1995-1999       18      0.00050  0.00050  0.50   97572      49   97548  5971023  61.20
1995-1999       19      0.00052  0.00052  0.50   97524      50   97499  5873475  60.23
1995-1999       20      0.00058  0.00058  0.50   97473      57   97445  5775976  59.26
1995-1999       21      0.00056  0.00056  0.50   97417      55   97389  5678531  58.29
1995-1999       22      0.00061  0.00061  0.50   97362      59   97332  5581142  57.32
1995-1999       23      0.00061  0.00061  0.50   97303      59   97273  5483810  56.36
1995-1999       24      0.00065  0.00065  0.50   97243      64   97211  5386537  55.39
1995-1999       25      0.00073  0.00073  0.50   97180      71   97144  5289325  54.43
1995-1999       26      0.00072  0.00072  0.50   97109      70   97074  5192181  53.47
1995-1999       27      0.00078  0.00078  0.50   97039      76   97001  5095107  52.51
1995-1999       28      0.00076  0.00076  0.50   96963      74   96926  4998106  51.55
1995-1999       29      0.00087  0.00087  0.50   96889      84   96847  4901180  50.59
1995-1999       30      0.00093  0.00093  0.50   96805      90   96760  4804333  49.63
1995-1999       31      0.00089  0.00089  0.50   96715      86   96672  4707573  48.67
1995-1999       32      0.00098  0.00098  0.50   96629      95   96582  4610901  47.72
1995-1999       33      0.00102  0.00102  0.50   96535      99   96485  4514319  46.76
1995-1999       34      0.00108  0.00108  0.50   96436     104   96384  4417834  45.81
1995-1999       35      0.00116  0.00116  0.50   96332     112   96276  4321450  44.86
1995-1999       36      0.00122  0.00122  0.50   96220     117   96162  4225173  43.91
1995-1999       37      0.00126  0.00126  0.50   96103     121   96042  4129012  42.96
1995-1999       38      0.00144  0.00144  0.50   95981     138   95912  4032970  42.02
1995-1999       39      0.00157  0.00157  0.50   95843     150   95768  3937057  41.08
1995-1999       40      0.00168  0.00168  0.50   95693     161   95612  3841289  40.14
1995-1999       41      0.00185  0.00185  0.50   95532     176   95444  3745677  39.21
1995-1999       42      0.00197  0.00197  0.50   95356     188   95262  3650233  38.28
1995-1999       43      0.00221  0.00221  0.50   95168     210   95063  3554971  37.35
1995-1999       44      0.00235  0.00235  0.50   94958     223   94846  3459908  36.44
1995-1999       45      0.00262  0.00262  0.50   94734     248   94610  3365062  35.52
1995-1999       46      0.00268  0.00268  0.50   94486     253   94360  3270452  34.61
1995-1999       47      0.00300  0.00299  0.50   94233     282   94092  3176092  33.70
1995-1999       48      0.00331  0.00331  0.50   93951     311   93796  3082000  32.80
1995-1999       49      0.00378  0.00378  0.50   93641     354   93464  2988204  31.91
1995-1999       50      0.00397  0.00396  0.50   93287     369   93102  2894740  31.03
1995-1999       51      0.00435  0.00434  0.50   92918     403   92716  2801638  30.15
1995-1999       52      0.00460  0.00459  0.50   92514     425   92302  2708921  29.28
1995-1999       53      0.00482  0.00481  0.50   92090     443   91868  2616619  28.41
1995-1999       54      0.00520  0.00518  0.50   91647     475   91409  2524751  27.55
1995-1999       55      0.00552  0.00550  0.50   91172     502   90921  2433342  26.69
1995-1999       56      0.00626  0.00624  0.50   90670     566   90388  2342421  25.83
1995-1999       57      0.00647  0.00645  0.50   90105     581   89814  2252033  24.99
1995-1999       58      0.00677  0.00674  0.50   89524     604   89222  2162219  24.15
1995-1999       59      0.00759  0.00756  0.50   88920     672   88584  2072997  23.31
1995-1999       60      0.00820  0.00816  0.50   88248     720   87888  1984413  22.49
1995-1999       61      0.00866  0.00863  0.50   87527     755   87150  1896526  21.67
1995-1999       62      0.00937  0.00933  0.50   86772     809   86368  1809376  20.85
1995-1999       63      0.01018  0.01013  0.50   85963     871   85528  1723008  20.04
1995-1999       64      0.01163  0.01156  0.50   85093     984   84600  1637480  19.24
1995-1999       65      0.01268  0.01260  0.50   84108    1060   83579  1552880  18.46
1995-1999       66      0.01354  0.01345  0.50   83049    1117   82490  1469301  17.69
1995-1999       67      0.01514  0.01502  0.50   81932    1231   81316  1386810  16.93
1995-1999       68      0.01643  0.01630  0.50   80701    1315   80043  1305494  16.18
1995-1999       69      0.01809  0.01793  0.50   79385    1423   78674  1225451  15.44
1995-1999       70      0.01967  0.01948  0.50   77962    1519   77203  1146777  14.71
1995-1999       71      0.02124  0.02102  0.50   76443    1607   75640  1069574  13.99
1995-1999       72      0.02425  0.02396  0.50   74836    1793   73940   993934  13.28
1995-1999       73      0.02698  0.02662  0.50   73044    1945   72071   919994  12.60
1995-1999       74      0.03002  0.02958  0.50   71099    2103   70047   847923  11.93
1995-1999       75      0.03387  0.03331  0.50   68996    2298   67847   777876  11.27
1995-1999       76      0.03835  0.03763  0.50   66698    2510   65443   710029  10.65
1995-1999       77      0.04195  0.04108  0.50   64188    2637   62870   644586  10.04
1995-1999       78      0.04766  0.04655  0.50   61551    2865   60119   581716   9.45
1995-1999       79      0.05431  0.05287  0.50   58686    3103   57134   521597   8.89
1995-1999       80      0.05922  0.05752  0.50   55583    3197   53984   464463   8.36
1995-1999       81      0.06642  0.06428  0.50   52386    3368   50702   410479   7.84
1995-1999       82      0.07281  0.07026  0.50   49018    3444   47296   359777   7.34
1995-1999       83      0.08190  0.07868  0.50   45574    3586   43782   312480   6.86
1995-1999       84      0.09204  0.08799  0.50   41989    3695   40141   268699   6.40
1995-1999       85      0.10414  0.09899  0.50   38294    3791   36399   228558   5.97
1995-1999       86      0.11475  0.10852  0.50   34503    3744   32631   192159   5.57
1995-1999       87      0.12760  0.11995  0.50   30759    3689   28914   159528   5.19
1995-1999       88      0.14261  0.13312  0.50   27070    3603   25268   130613   4.83
1995-1999       89      0.16117  0.14915  0.50   23466    3500   21716   105345   4.49
1995-1999       90      0.17536  0.16122  0.50   19966    3219   18357    83629   4.19
1995-1999       91      0.19365  0.17655  0.50   16747    2957   15269    65273   3.90
1995-1999       92      0.21606  0.19500  0.50   13790    2689   12446    50004   3.63
1995-1999       93      0.23583  0.21095  0.50   11101    2342    9930    37558   3.38
1995-1999       94      0.26260  0.23212  0.50    8759    2033    7743    27628   3.15
1995-1999       95      0.28243  0.24748  0.50    6726    1665    5894    19885   2.96
1995-1999       96      0.30798  0.26688  0.50    5062    1351    4386    13991   2.76
1995-1999       97      0.33476  0.28677  0.50    3711    1064    3179     9605   2.59
1995-1999       98      0.36266  0.30699  0.50    2647     812    2240     6426   2.43
1995-1999       99      0.39150  0.32741  0.50    1834     601    1534     4186   2.28
1995-1999      100      0.42113  0.34788  0.50    1234     429    1019     2652   2.15
1995-1999      101      0.45133  0.36823  0.50     804     296     656     1633   2.03
1995-1999      102      0.48190  0.38833  0.50     508     197     410      976   1.92
1995-1999      103      0.51260  0.40802  0.50     311     127     247      567   1.82
1995-1999      104      0.54321  0.42718  0.50     184      79     145      319   1.74
1995-1999      105      0.57350  0.44569  0.50     105      47      82      175   1.66
1995-1999      106      0.60324  0.46345  0.50      58      27      45       93   1.59
1995-1999      107      0.63224  0.48038  0.50      31      15      24       48   1.52
1995-1999      108      0.66031  0.49642  0.50      16       8      12       24   1.47
1995-1999      109      0.68730  0.51152  0.50       8       4       6       12   1.43
1995-1999      110+     0.71308  1.00000  1.40       4       4       6        6   1.40
2000-2004        0      0.01483  0.01463  0.09  100000    1463   98675  7809898  78.10
2000-2004        1      0.00103  0.00103  0.50   98537     101   98486  7711223  78.26
2000-2004        2      0.00068  0.00068  0.50   98435      67   98402  7612737  77.34
2000-2004        3      0.00043  0.00043  0.50   98369      42   98348  7514335  76.39
2000-2004        4      0.00030  0.00030  0.50   98327      30   98312  7415987  75.42
2000-2004        5      0.00027  0.00027  0.50   98297      27   98284  7317675  74.44
2000-2004        6      0.00022  0.00022  0.50   98270      21   98260  7219392  73.46
2000-2004        7      0.00023  0.00023  0.50   98249      23   98238  7121132  72.48
2000-2004        8      0.00020  0.00020  0.50   98226      20   98216  7022894  71.50
2000-2004        9      0.00021  0.00021  0.50   98207      20   98197  6924678  70.51
2000-2004       10      0.00022  0.00022  0.50   98187      21   98176  6826481  69.53
2000-2004       11      0.00021  0.00021  0.50   98165      21   98155  6728305  68.54
2000-2004       12      0.00023  0.00023  0.50   98145      23   98134  6630150  67.55
2000-2004       13      0.00025  0.00025  0.50   98122      25   98110  6532017  66.57
2000-2004       14      0.00030  0.00030  0.50   98097      30   98083  6433907  65.59
2000-2004       15      0.00039  0.00039  0.50   98068      39   98048  6335824  64.61
2000-2004       16      0.00041  0.00041  0.50   98029      40   98009  6237776  63.63
2000-2004       17      0.00046  0.00046  0.50   97989      45   97966  6139767  62.66
2000-2004       18      0.00044  0.00044  0.50   97944      44   97922  6041801  61.69
2000-2004       19      0.00047  0.00047  0.50   97900      46   97877  5943879  60.71
2000-2004       20      0.00048  0.00048  0.50   97855      47   97831  5846001  59.74
2000-2004       21      0.00047  0.00047  0.50   97808      46   97785  5748170  58.77
2000-2004       22      0.00048  0.00048  0.50   97761      47   97738  5650385  57.80
2000-2004       23      0.00051  0.00051  0.50   97715      50   97690  5552647  56.83
2000-2004       24      0.00052  0.00052  0.50   97664      51   97639  5454958  55.85
2000-2004       25      0.00057  0.00057  0.50   97613      55   97586  5357319  54.88
2000-2004       26      0.00055  0.00055  0.50   97558      54   97531  5259733  53.91
2000-2004       27      0.00058  0.00058  0.50   97504      56   97476  5162202  52.94
2000-2004       28      0.00065  0.00065  0.50   97448      63   97416  5064726  51.97
2000-2004       29      0.00073  0.00073  0.50   97385      71   97349  4967310  51.01
2000-2004       30      0.00080  0.00080  0.50   97314      78   97275  4869961  50.04
2000-2004       31      0.00081  0.00081  0.50   97236      78   97197  4772686  49.08
2000-2004       32      0.00084  0.00084  0.50   97157      82   97116  4675489  48.12
2000-2004       33      0.00092  0.00092  0.50   97076      90   97031  4578373  47.16
2000-2004       34      0.00097  0.00097  0.50   96986      94   96939  4481342  46.21
2000-2004       35      0.00099  0.00099  0.50   96891      96   96843  4384403  45.25
2000-2004       36      0.00111  0.00111  0.50   96795     108   96741  4287560  44.30
2000-2004       37      0.00120  0.00120  0.50   96687     116   96629  4190819  43.34
2000-2004       38      0.00135  0.00135  0.50   96571     130   96506  4094189  42.40
2000-2004       39      0.00140  0.00140  0.50   96441     135   96373  3997683  41.45
2000-2004       40      0.00157  0.00156  0.50   96306     151   96230  3901310  40.51
2000-2004       41      0.00159  0.00159  0.50   96155     153   96079  3805079  39.57
2000-2004       42      0.00177  0.00177  0.50   96002     170   95917  3709001  38.63
2000-2004       43      0.00204  0.00204  0.50   95833     195   95735  3613083  37.70
2000-2004       44      0.00222  0.00222  0.50   95637     212   95531  3517348  36.78
2000-2004       45      0.00233  0.00232  0.50   95425     222   95314  3421817  35.86
2000-2004       46      0.00258  0.00257  0.50   95203     245   95081  3326503  34.94
2000-2004       47      0.00269  0.00268  0.50   94958     255   94831  3231423  34.03
2000-2004       48      0.00312  0.00311  0.50   94703     295   94556  3136592  33.12
2000-2004       49      0.00336  0.00335  0.50   94409     316   94250  3042036  32.22
2000-2004       50      0.00372  0.00371  0.50   94092     349   93917  2947786  31.33
2000-2004       51      0.00393  0.00393  0.50   93743     368   93559  2853868  30.44
2000-2004       52      0.00449  0.00448  0.50   93375     419   93165  2760310  29.56
2000-2004       53      0.00495  0.00493  0.50   92956     459   92727  2667144  28.69
2000-2004       54      0.00516  0.00515  0.50   92497     476   92259  2574418  27.83
2000-2004       55      0.00563  0.00562  0.50   92021     517   91762  2482159  26.97
2000-2004       56      0.00601  0.00599  0.50   91504     548   91230  2390396  26.12
2000-2004       57      0.00638  0.00636  0.50   90956     579   90666  2299166  25.28
2000-2004       58      0.00692  0.00689  0.50   90377     623   90065  2208500  24.44
2000-2004       59      0.00748  0.00745  0.50   89754     669   89419  2118435  23.60
2000-2004       60      0.00801  0.00797  0.50   89085     710   88730  2029016  22.78
2000-2004       61      0.00862  0.00859  0.50   88375     759   87995  1940286  21.96
2000-2004       62      0.00907  0.00902  0.50   87616     791   87220  1852291  21.14
2000-2004       63      0.01015  0.01009  0.50   86825     876   86387  1765070  20.33
2000-2004       64      0.01093  0.01087  0.50   85949     934   85482  1678683  19.53
2000-2004       65      0.01186  0.01179  0.50   85015    1002   84514  1593202  18.74
2000-2004       66      0.01279  0.01271  0.50   84013    1068   83479  1508688  17.96
2000-2004       67      0.01377  0.01368  0.50   82945    1135   82378  1425209  17.18
2000-2004       68      0.01525  0.01513  0.50   81810    1238   81191  1342832  16.41
2000-2004       69      0.01678  0.01664  0.50   80572    1341   79902  1261640  15.66
2000-2004       70      0.01881  0.01864  0.50   79231    1477   78493  1181739  14.92
2000-2004       71      0.02060  0.02039  0.50   77755    1586   76962  1103246  14.19
2000-2004       72      0.02298  0.02272  0.50   76169    1730   75304  1026284  13.47
2000-2004       73      0.02538  0.02506  0.50   74439    1866   73506   950980  12.78
2000-2004       74      0.02849  0.02809  0.50   72573    2038   71554   877474  12.09
2000-2004       75      0.03139  0.03091  0.50   70535    2180   69445   805921  11.43
2000-2004       76      0.03421  0.03364  0.50   68355    2299   67205   736476  10.77
2000-2004       77      0.03824  0.03752  0.50   66055    2479   64816   669271  10.13
2000-2004       78      0.04303  0.04212  0.50   63577    2678   62238   604455   9.51
2000-2004       79      0.04978  0.04857  0.50   60899    2958   59420   542218   8.90
2000-2004       80      0.06212  0.06025  0.50   57941    3491   56195   482798   8.33
2000-2004       81      0.06799  0.06576  0.50   54450    3580   52660   426602   7.83
2000-2004       82      0.07609  0.07330  0.50   50870    3729   49005   373942   7.35
2000-2004       83      0.08475  0.08131  0.50   47141    3833   45224   324937   6.89
2000-2004       84      0.09221  0.08815  0.50   43308    3818   41399   279713   6.46
2000-2004       85      0.10136  0.09647  0.50   39490    3810   37585   238314   6.03
2000-2004       86      0.11394  0.10780  0.50   35680    3846   33757   200729   5.63
2000-2004       87      0.12557  0.11816  0.50   31834    3761   29953   166971   5.25
2000-2004       88      0.14142  0.13208  0.50   28073    3708   26219   137018   4.88
2000-2004       89      0.15710  0.14566  0.50   24365    3549   22590   110799   4.55
2000-2004       90      0.17539  0.16125  0.50   20816    3356   19138    88209   4.24
2000-2004       91      0.19059  0.17401  0.50   17459    3038   15940    69071   3.96
2000-2004       92      0.21325  0.19270  0.50   14421    2779   13032    53131   3.68
2000-2004       93      0.23186  0.20777  0.50   11642    2419   10433    40099   3.44
2000-2004       94      0.25636  0.22723  0.50    9223    2096    8175    29667   3.22
2000-2004       95      0.27674  0.24310  0.50    7127    1733    6261    21491   3.02
2000-2004       96      0.30120  0.26177  0.50    5395    1412    4689    15230   2.82
2000-2004       97      0.32684  0.28093  0.50    3983    1119    3423    10541   2.65
2000-2004       98      0.35356  0.30045  0.50    2864     860    2434     7118   2.49
2000-2004       99      0.38123  0.32020  0.50    2003     641    1683     4685   2.34
2000-2004      100      0.40969  0.34004  0.50    1362     463    1130     3002   2.20
2000-2004      101      0.43877  0.35983  0.50     899     323     737     1872   2.08
2000-2004      102      0.46828  0.37944  0.50     575     218     466     1135   1.97
2000-2004      103      0.49801  0.39872  0.50     357     142     286      668   1.87
2000-2004      104      0.52775  0.41757  0.50     215      90     170      383   1.78
2000-2004      105      0.55730  0.43585  0.50     125      55      98      213   1.70
2000-2004      106      0.58645  0.45348  0.50      71      32      55      115   1.63
2000-2004      107      0.61501  0.47037  0.50      39      18      29       60   1.56
2000-2004      108      0.64279  0.48645  0.50      20      10      15       31   1.51
2000-2004      109      0.66965  0.50167  0.50      10       5       8       15   1.47
2000-2004      110+     0.69544  1.00000  1.44       5       5       8        8   1.44
2005-2009        0      0.01163  0.01151  0.09  100000    1151   98948  7873755  78.74
2005-2009        1      0.00088  0.00088  0.50   98849      87   98806  7774807  78.65
2005-2009        2      0.00057  0.00057  0.50   98762      56   98734  7676001  77.72
2005-2009        3      0.00037  0.00037  0.50   98706      36   98688  7577267  76.77
2005-2009        4      0.00029  0.00029  0.50   98670      29   98656  7478579  75.79
2005-2009        5      0.00028  0.00028  0.50   98641      28   98627  7379924  74.82
2005-2009        6      0.00022  0.00022  0.50   98613      21   98603  7281296  73.84
2005-2009        7      0.00022  0.00022  0.50   98592      21   98581  7182694  72.85
2005-2009        8      0.00022  0.00022  0.50   98570      21   98560  7084113  71.87
2005-2009        9      0.00020  0.00020  0.50   98549      20   98539  6985553  70.88
2005-2009       10      0.00023  0.00023  0.50   98529      22   98518  6887013  69.90
2005-2009       11      0.00021  0.00021  0.50   98507      20   98497  6788495  68.91
2005-2009       12      0.00024  0.00024  0.50   98487      24   98475  6689998  67.93
2005-2009       13      0.00029  0.00029  0.50   98463      29   98449  6591523  66.94
2005-2009       14      0.00029  0.00029  0.50   98434      29   98420  6493074  65.96
2005-2009       15      0.00041  0.00041  0.50   98405      40   98385  6394654  64.98
2005-2009       16      0.00043  0.00043  0.50   98365      43   98344  6296269  64.01
2005-2009       17      0.00046  0.00046  0.50   98322      45   98300  6197925  63.04
2005-2009       18      0.00046  0.00046  0.50   98277      45   98255  6099625  62.07
2005-2009       19      0.00047  0.00047  0.50   98232      46   98209  6001371  61.09
2005-2009       20      0.00048  0.00048  0.50   98186      47   98162  5903162  60.12
2005-2009       21      0.00048  0.00048  0.50   98139      47   98115  5805000  59.15
2005-2009       22      0.00049  0.00049  0.50   98091      48   98067  5706885  58.18
2005-2009       23      0.00052  0.00052  0.50   98043      51   98018  5608818  57.21
2005-2009       24      0.00052  0.00052  0.50   97992      51   97966  5510800  56.24
2005-2009       25      0.00055  0.00055  0.50   97941      54   97914  5412833  55.27
2005-2009       26      0.00056  0.00056  0.50   97887      55   97860  5314919  54.30
2005-2009       27      0.00059  0.00059  0.50   97832      57   97804  5217060  53.33
2005-2009       28      0.00060  0.00060  0.50   97775      58   97746  5119256  52.36
2005-2009       29      0.00062  0.00062  0.50   97717      61   97686  5021510  51.39
2005-2009       30      0.00067  0.00067  0.50   97656      65   97623  4923824  50.42
2005-2009       31      0.00072  0.00072  0.50   97591      70   97556  4826200  49.45
2005-2009       32      0.00076  0.00076  0.50   97521      74   97484  4728645  48.49
2005-2009       33      0.00081  0.00081  0.50   97447      79   97407  4631161  47.52
2005-2009       34      0.00091  0.00091  0.50   97368      88   97323  4533754  46.56
2005-2009       35      0.00102  0.00102  0.50   97279      99   97230  4436430  45.61
2005-2009       36      0.00107  0.00107  0.50   97180     104   97128  4339201  44.65
2005-2009       37      0.00109  0.00109  0.50   97076     106   97023  4242073  43.70
2005-2009       38      0.00127  0.00127  0.50   96970     123   96909  4145050  42.75
2005-2009       39      0.00129  0.00129  0.50   96847     125   96785  4048141  41.80
2005-2009       40      0.00144  0.00144  0.50   96722     140   96652  3951356  40.85
2005-2009       41      0.00155  0.00155  0.50   96583     149   96508  3854704  39.91
2005-2009       42      0.00171  0.00171  0.50   96433     165   96351  3758196  38.97
2005-2009       43      0.00184  0.00184  0.50   96268     177   96180  3661845  38.04
2005-2009       44      0.00198  0.00198  0.50   96092     190   95996  3565665  37.11
2005-2009       45      0.00223  0.00223  0.50   95901     214   95794  3469669  36.18
2005-2009       46      0.00237  0.00237  0.50   95688     227   95574  3373874  35.26
2005-2009       47      0.00262  0.00262  0.50   95461     250   95336  3278300  34.34
2005-2009       48      0.00294  0.00293  0.50   95211     279   95071  3182964  33.43
2005-2009       49      0.00317  0.00316  0.50   94932     300   94782  3087893  32.53
2005-2009       50      0.00352  0.00352  0.50   94631     333   94465  2993111  31.63
2005-2009       51      0.00378  0.00378  0.50   94299     356   94121  2898646  30.74
2005-2009       52      0.00400  0.00399  0.50   93943     375   93755  2804526  29.85
2005-2009       53      0.00444  0.00443  0.50   93568     415   93361  2710770  28.97
2005-2009       54      0.00485  0.00484  0.50   93153     451   92927  2617410  28.10
2005-2009       55      0.00518  0.00517  0.50   92702     479   92462  2524482  27.23
2005-2009       56      0.00574  0.00572  0.50   92223     528   91959  2432020  26.37
2005-2009       57      0.00620  0.00618  0.50   91695     567   91412  2340061  25.52
2005-2009       58      0.00665  0.00663  0.50   91128     604   90826  2248649  24.68
2005-2009       59      0.00733  0.00730  0.50   90524     661   90194  2157823  23.84
2005-2009       60      0.00816  0.00813  0.50   89863     730   89498  2067629  23.01
2005-2009       61      0.00852  0.00848  0.50   89133     756   88755  1978131  22.19
2005-2009       62      0.00958  0.00953  0.50   88376     843   87955  1889377  21.38
2005-2009       63      0.01003  0.00998  0.50   87534     874   87097  1801422  20.58
2005-2009       64      0.01075  0.01070  0.50   86660     927   86197  1714325  19.78
2005-2009       65      0.01185  0.01178  0.50   85733    1010   85228  1628128  18.99
2005-2009       66      0.01229  0.01221  0.50   84723    1035   84206  1542900  18.21
2005-2009       67      0.01378  0.01368  0.50   83689    1145   83116  1458694  17.43
2005-2009       68      0.01489  0.01478  0.50   82544    1220   81934  1375578  16.66
2005-2009       69      0.01609  0.01596  0.50   81324    1298   80675  1293644  15.91
2005-2009       70      0.01774  0.01758  0.50   80026    1407   79322  1212969  15.16
2005-2009       71      0.01882  0.01864  0.50   78618    1466   77886  1133647  14.42
2005-2009       72      0.02091  0.02070  0.50   77153    1597   76354  1055762  13.68
2005-2009       73      0.02265  0.02240  0.50   75556    1692   74710   979407  12.96
2005-2009       74      0.02603  0.02570  0.50   73864    1898   72915   904697  12.25
2005-2009       75      0.02909  0.02867  0.50   71966    2064   70934   831783  11.56
2005-2009       76      0.03266  0.03213  0.50   69902    2246   68779   760849  10.88
2005-2009       77      0.03669  0.03603  0.50   67656    2438   66437   692070  10.23
2005-2009       78      0.04116  0.04033  0.50   65218    2630   63903   625633   9.59
2005-2009       79      0.04547  0.04446  0.50   62588    2783   61197   561730   8.98
2005-2009       80      0.05122  0.04994  0.50   59805    2987   58312   500533   8.37
2005-2009       81      0.05775  0.05613  0.50   56818    3189   55224   442222   7.78
2005-2009       82      0.06754  0.06533  0.50   53629    3504   51877   386998   7.22
2005-2009       83      0.08016  0.07707  0.50   50125    3863   48194   335121   6.69
2005-2009       84      0.09409  0.08986  0.50   46262    4157   44184   286927   6.20
2005-2009       85      0.10981  0.10409  0.50   42105    4383   39914   242744   5.77
2005-2009       86      0.12745  0.11981  0.50   37722    4520   35462   202830   5.38
2005-2009       87      0.13650  0.12778  0.50   33202    4243   31081   167368   5.04
2005-2009       88      0.14998  0.13952  0.50   28960    4040   26940   136287   4.71
2005-2009       89      0.16659  0.15378  0.50   24919    3832   23003   109347   4.39
2005-2009       90      0.17934  0.16458  0.50   21087    3471   19352    86344   4.09
2005-2009       91      0.19913  0.18110  0.50   17617    3190   16021    66992   3.80
2005-2009       92      0.22010  0.19828  0.50   14426    2860   12996    50971   3.53
2005-2009       93      0.23865  0.21321  0.50   11566    2466   10333    37974   3.28
2005-2009       94      0.26083  0.23074  0.50    9100    2100    8050    27642   3.04
2005-2009       95      0.29945  0.26045  0.50    7000    1823    6089    19591   2.80
2005-2009       96      0.32799  0.28178  0.50    5177    1459    4448    13503   2.61
2005-2009       97      0.35787  0.30355  0.50    3718    1129    3154     9055   2.44
2005-2009       98      0.38889  0.32558  0.50    2590     843    2168     5901   2.28
2005-2009       99      0.42084  0.34768  0.50    1746     607    1443     3733   2.14
2005-2009      100      0.45347  0.36965  0.50    1139     421     929     2291   2.01
2005-2009      101      0.48650  0.39131  0.50     718     281     578     1362   1.90
2005-2009      102      0.51965  0.41248  0.50     437     180     347      784   1.79
2005-2009      103      0.55263  0.43299  0.50     257     111     201      437   1.70
2005-2009      104      0.58515  0.45270  0.50     146      66     113      236   1.62
2005-2009      105      0.61694  0.47150  0.50      80      38      61      123   1.55
2005-2009      106      0.64777  0.48929  0.50      42      21      32       63   1.49
2005-2009      107      0.67741  0.50602  0.50      22      11      16       31   1.43
2005-2009      108      0.70569  0.52163  0.50      11       6       8       15   1.38
2005-2009      109      0.73247  0.53612  0.50       5       3       4        7   1.34
2005-2009      110+     0.75765  1.00000  1.32       2       2       3        3   1.32
2010-2013        0      0.01048  0.01038  0.08  100000    1038   99048  7898387  78.98
2010-2013        1      0.00069  0.00069  0.50   98962      68   98928  7799339  78.81
2010-2013        2      0.00048  0.00048  0.50   98894      48   98870  7700411  77.87
2010-2013        3      0.00031  0.00031  0.50   98847      31   98831  7601541  76.90
2010-2013        4      0.00025  0.00025  0.50   98816      24   98804  7502709  75.93
2010-2013        5      0.00021  0.00021  0.50   98792      21   98781  7403906  74.94
2010-2013        6      0.00018  0.00018  0.50   98770      18   98761  7305125  73.96
2010-2013        7      0.00018  0.00018  0.50   98752      18   98744  7206363  72.97
2010-2013        8      0.00016  0.00016  0.50   98735      15   98727  7107620  71.99
2010-2013        9      0.00019  0.00019  0.50   98719      19   98710  7008893  71.00
2010-2013       10      0.00018  0.00018  0.50   98701      18   98692  6910182  70.01
2010-2013       11      0.00019  0.00019  0.50   98683      18   98674  6811491  69.02
2010-2013       12      0.00023  0.00023  0.50   98664      23   98653  6712817  68.04
2010-2013       13      0.00026  0.00026  0.50   98641      26   98628  6614164  67.05
2010-2013       14      0.00030  0.00030  0.50   98616      30   98601  6515536  66.07
2010-2013       15      0.00040  0.00040  0.50   98586      40   98566  6416935  65.09
2010-2013       16      0.00046  0.00046  0.50   98546      45   98524  6318369  64.12
2010-2013       17      0.00046  0.00046  0.50   98501      45   98479  6219845  63.14
2010-2013       18      0.00052  0.00052  0.50   98456      51   98431  6121366  62.17
2010-2013       19      0.00051  0.00051  0.50   98405      50   98380  6022936  61.21
2010-2013       20      0.00053  0.00053  0.50   98355      52   98329  5924556  60.24
2010-2013       21      0.00054  0.00054  0.50   98302      53   98276  5826227  59.27
2010-2013       22      0.00047  0.00047  0.50   98250      47   98226  5727951  58.30
2010-2013       23      0.00054  0.00054  0.50   98203      53   98176  5629725  57.33
2010-2013       24      0.00049  0.00049  0.50   98150      48   98126  5531549  56.36
2010-2013       25      0.00053  0.00053  0.50   98102      52   98075  5433423  55.39
2010-2013       26      0.00056  0.00056  0.50   98049      55   98022  5335348  54.41
2010-2013       27      0.00057  0.00057  0.50   97995      56   97967  5237326  53.44
2010-2013       28      0.00061  0.00061  0.50   97939      60   97909  5139359  52.48
2010-2013       29      0.00065  0.00065  0.50   97879      63   97847  5041450  51.51
2010-2013       30      0.00070  0.00070  0.50   97816      68   97782  4943603  50.54
2010-2013       31      0.00074  0.00074  0.50   97748      72   97712  4845821  49.57
2010-2013       32      0.00077  0.00077  0.50   97676      75   97638  4748109  48.61
2010-2013       33      0.00081  0.00081  0.50   97600      79   97561  4650471  47.65
2010-2013       34      0.00087  0.00087  0.50   97522      84   97479  4552910  46.69
2010-2013       35      0.00089  0.00089  0.50   97437      86   97394  4455431  45.73
2010-2013       36      0.00103  0.00103  0.50   97351     100   97301  4358037  44.77
2010-2013       37      0.00110  0.00110  0.50   97250     107   97197  4260736  43.81
2010-2013       38      0.00114  0.00114  0.50   97144     110   97089  4163539  42.86
2010-2013       39      0.00131  0.00131  0.50   97033     127   96970  4066451  41.91
2010-2013       40      0.00140  0.00139  0.50   96906     135   96838  3969481  40.96
2010-2013       41      0.00159  0.00159  0.50   96771     154   96694  3872643  40.02
2010-2013       42      0.00165  0.00165  0.50   96617     160   96537  3775948  39.08
2010-2013       43      0.00176  0.00176  0.50   96458     170   96373  3679411  38.15
2010-2013       44      0.00190  0.00190  0.50   96288     182   96196  3583039  37.21
2010-2013       45      0.00211  0.00210  0.50   96105     202   96004  3486842  36.28
2010-2013       46      0.00224  0.00224  0.50   95903     215   95795  3390838  35.36
2010-2013       47      0.00263  0.00263  0.50   95688     251   95562  3295043  34.44
2010-2013       48      0.00283  0.00283  0.50   95437     270   95302  3199480  33.52
2010-2013       49      0.00309  0.00309  0.50   95167     294   95020  3104179  32.62
2010-2013       50      0.00331  0.00331  0.50   94873     314   94716  3009159  31.72
2010-2013       51      0.00354  0.00354  0.50   94559     334   94392  2914443  30.82
2010-2013       52      0.00395  0.00394  0.50   94224     372   94039  2820051  29.93
2010-2013       53      0.00428  0.00427  0.50   93853     401   93652  2726013  29.05
2010-2013       54      0.00460  0.00459  0.50   93452     429   93237  2632360  28.17
2010-2013       55      0.00517  0.00516  0.50   93023     480   92783  2539123  27.30
2010-2013       56      0.00550  0.00549  0.50   92543     508   92289  2446340  26.43
2010-2013       57      0.00588  0.00586  0.50   92035     539   91765  2354051  25.58
2010-2013       58      0.00653  0.00651  0.50   91496     595   91198  2262286  24.73
2010-2013       59      0.00706  0.00704  0.50   90900     640   90580  2171088  23.88
2010-2013       60      0.00782  0.00779  0.50   90261     703   89909  2080508  23.05
2010-2013       61      0.00829  0.00825  0.50   89557     739   89188  1990599  22.23
2010-2013       62      0.00938  0.00933  0.50   88818     829   88404  1901411  21.41
2010-2013       63      0.01022  0.01017  0.50   87989     895   87542  1813007  20.60
2010-2013       64      0.01105  0.01099  0.50   87094     957   86616  1725466  19.81
2010-2013       65      0.01188  0.01181  0.50   86137    1017   85628  1638850  19.03
2010-2013       66      0.01280  0.01272  0.50   85120    1082   84579  1553222  18.25
2010-2013       67      0.01408  0.01398  0.50   84038    1175   83450  1468643  17.48
2010-2013       68      0.01510  0.01499  0.50   82862    1242   82241  1385193  16.72
2010-2013       69      0.01612  0.01599  0.50   81620    1305   80968  1302952  15.96
2010-2013       70      0.01756  0.01741  0.50   80315    1398   79616  1221984  15.21
2010-2013       71      0.01954  0.01935  0.50   78917    1527   78153  1142368  14.48
2010-2013       72      0.02119  0.02097  0.50   77389    1623   76578  1064215  13.75
2010-2013       73      0.02306  0.02279  0.50   75767    1727   74903   987637  13.04
2010-2013       74      0.02496  0.02465  0.50   74040    1825   73127   912734  12.33
2010-2013       75      0.02756  0.02719  0.50   72215    1963   71233   839607  11.63
2010-2013       76      0.03026  0.02981  0.50   70251    2094   69204   768374  10.94
2010-2013       77      0.03346  0.03291  0.50   68157    2243   67036   699170  10.26
2010-2013       78      0.03755  0.03685  0.50   65915    2429   64700   632134   9.59
2010-2013       79      0.04273  0.04184  0.50   63485    2656   62157   567434   8.94
2010-2013       80      0.04944  0.04825  0.50   60829    2935   59362   505276   8.31
2010-2013       81      0.05601  0.05448  0.50   57894    3154   56317   445915   7.70
2010-2013       82      0.06395  0.06197  0.50   54740    3392   53044   389597   7.12
2010-2013       83      0.07189  0.06939  0.50   51348    3563   49566   336553   6.55
2010-2013       84      0.08015  0.07706  0.50   47785    3682   45943   286987   6.01
2010-2013       85      0.09124  0.08726  0.50   44102    3848   42178   241044   5.47
2010-2013       86      0.10633  0.10096  0.50   40254    4064   38222   198866   4.94
2010-2013       87      0.13035  0.12238  0.50   36190    4429   33975   160644   4.44
2010-2013       88      0.16154  0.14946  0.50   31761    4747   29387   126668   3.99
2010-2013       89      0.20435  0.18540  0.50   27014    5008   24510    97281   3.60
2010-2013       90      0.24550  0.21866  0.50   22005    4812   19600    72771   3.31
2010-2013       91      0.26912  0.23720  0.50   17194    4078   15155    53172   3.09
2010-2013       92      0.28594  0.25017  0.50   13115    3281   11475    38017   2.90
2010-2013       93      0.30433  0.26414  0.50    9834    2598    8535    26542   2.70
2010-2013       94      0.32912  0.28262  0.50    7237    2045    6214    18007   2.49
2010-2013       95      0.37873  0.31843  0.50    5191    1653    4365    11793   2.27
2010-2013       96      0.41930  0.34663  0.50    3538    1226    2925     7428   2.10
2010-2013       97      0.46098  0.37463  0.50    2312     866    1879     4503   1.95
2010-2013       98      0.50322  0.40206  0.50    1446     581    1155     2624   1.82
2010-2013       99      0.54542  0.42855  0.50     864     370     679     1469   1.70
2010-2013      100      0.58697  0.45379  0.50     494     224     382      790   1.60
2010-2013      101      0.62732  0.47754  0.50     270     129     205      408   1.51
2010-2013      102      0.66597  0.49961  0.50     141      70     106      203   1.44
2010-2013      103      0.70251  0.51990  0.50      71      37      52       97   1.37
2010-2013      104      0.73664  0.53835  0.50      34      18      25       45   1.32
2010-2013      105      0.76814  0.55499  0.50      16       9      11       20   1.27
2010-2013      106      0.79691  0.56985  0.50       7       4       5        9   1.23
2010-2013      107      0.82294  0.58304  0.50       3       2       2        4   1.19
2010-2013      108      0.84628  0.59465  0.50       1       1       1        1   1.17
2010-2013      109      0.86703  0.60483  0.50       1       0       0        1   1.14
2010-2013      110+     0.88536  1.00000  1.13       0       0       0        0   1.13
