ARG, Life tables (period 1x5), Males	Last modified: 04 ago. 2019; MPv5 (May07)

  Year          Age         mx       qx    ax      lx      dx      Lx       Tx     ex
1990-1994        0      0.02512  0.02457  0.11  100000    2457   97819  6948887  69.49
1990-1994        1      0.00188  0.00188  0.50   97543     183   97451  6851068  70.24
1990-1994        2      0.00089  0.00089  0.50   97360      86   97316  6753617  69.37
1990-1994        3      0.00061  0.00061  0.50   97273      60   97243  6656301  68.43
1990-1994        4      0.00044  0.00044  0.50   97214      42   97192  6559057  67.47
1990-1994        5      0.00035  0.00035  0.50   97171      34   97154  6461865  66.50
1990-1994        6      0.00034  0.00034  0.50   97137      33   97121  6364711  65.52
1990-1994        7      0.00035  0.00035  0.50   97104      34   97087  6267590  64.55
1990-1994        8      0.00032  0.00032  0.50   97070      31   97055  6170503  63.57
1990-1994        9      0.00038  0.00038  0.50   97039      37   97021  6073448  62.59
1990-1994       10      0.00036  0.00036  0.50   97002      35   96985  5976428  61.61
1990-1994       11      0.00035  0.00035  0.50   96967      34   96950  5879443  60.63
1990-1994       12      0.00038  0.00038  0.50   96933      37   96915  5782493  59.65
1990-1994       13      0.00046  0.00046  0.50   96896      44   96874  5685578  58.68
1990-1994       14      0.00057  0.00057  0.50   96852      55   96825  5588704  57.70
1990-1994       15      0.00069  0.00069  0.50   96797      67   96764  5491879  56.74
1990-1994       16      0.00088  0.00088  0.50   96730      85   96687  5395115  55.77
1990-1994       17      0.00100  0.00100  0.50   96645      96   96596  5298428  54.82
1990-1994       18      0.00111  0.00111  0.50   96548     107   96495  5201831  53.88
1990-1994       19      0.00130  0.00130  0.50   96441     125   96379  5105336  52.94
1990-1994       20      0.00136  0.00136  0.50   96316     131   96250  5008958  52.01
1990-1994       21      0.00136  0.00136  0.50   96185     131   96119  4912708  51.08
1990-1994       22      0.00140  0.00140  0.50   96054     134   95987  4816588  50.14
1990-1994       23      0.00148  0.00148  0.50   95920     142   95849  4720601  49.21
1990-1994       24      0.00143  0.00143  0.50   95778     137   95709  4624753  48.29
1990-1994       25      0.00152  0.00151  0.50   95641     145   95569  4529043  47.35
1990-1994       26      0.00148  0.00148  0.50   95496     142   95425  4433475  46.43
1990-1994       27      0.00145  0.00145  0.50   95355     138   95285  4338049  45.49
1990-1994       28      0.00148  0.00148  0.50   95216     141   95146  4242764  44.56
1990-1994       29      0.00156  0.00156  0.50   95075     148   95001  4147618  43.62
1990-1994       30      0.00182  0.00182  0.50   94927     173   94841  4052617  42.69
1990-1994       31      0.00162  0.00162  0.50   94754     153   94678  3957776  41.77
1990-1994       32      0.00163  0.00163  0.50   94601     154   94524  3863099  40.84
1990-1994       33      0.00175  0.00175  0.50   94447     165   94364  3768575  39.90
1990-1994       34      0.00196  0.00195  0.50   94281     184   94189  3674211  38.97
1990-1994       35      0.00216  0.00216  0.50   94097     203   93995  3580022  38.05
1990-1994       36      0.00202  0.00202  0.50   93894     190   93799  3486027  37.13
1990-1994       37      0.00235  0.00235  0.50   93704     220   93594  3392228  36.20
1990-1994       38      0.00248  0.00247  0.50   93484     231   93368  3298634  35.29
1990-1994       39      0.00288  0.00287  0.50   93253     268   93119  3205265  34.37
1990-1994       40      0.00343  0.00343  0.50   92985     319   92826  3112146  33.47
1990-1994       41      0.00336  0.00335  0.50   92666     311   92511  3019320  32.58
1990-1994       42      0.00383  0.00382  0.50   92356     353   92179  2926809  31.69
1990-1994       43      0.00410  0.00409  0.50   92003     376   91815  2834630  30.81
1990-1994       44      0.00451  0.00450  0.50   91626     412   91420  2742815  29.93
1990-1994       45      0.00524  0.00523  0.50   91214     477   90976  2651395  29.07
1990-1994       46      0.00547  0.00545  0.50   90737     495   90490  2560419  28.22
1990-1994       47      0.00599  0.00597  0.50   90243     539   89974  2469929  27.37
1990-1994       48      0.00650  0.00648  0.50   89704     581   89414  2379955  26.53
1990-1994       49      0.00719  0.00716  0.50   89123     638   88804  2290542  25.70
1990-1994       50      0.00860  0.00857  0.50   88485     758   88106  2201737  24.88
1990-1994       51      0.00861  0.00857  0.50   87727     752   87351  2113632  24.09
1990-1994       52      0.00959  0.00954  0.50   86975     830   86560  2026281  23.30
1990-1994       53      0.01050  0.01044  0.50   86145     900   85695  1939720  22.52
1990-1994       54      0.01145  0.01139  0.50   85245     971   84760  1854025  21.75
1990-1994       55      0.01290  0.01282  0.50   84275    1080   83734  1769265  20.99
1990-1994       56      0.01329  0.01320  0.50   83194    1098   82645  1685531  20.26
1990-1994       57      0.01448  0.01437  0.50   82096    1180   81506  1602885  19.52
1990-1994       58      0.01647  0.01633  0.50   80916    1321   80255  1521379  18.80
1990-1994       59      0.01752  0.01737  0.50   79595    1383   78903  1441124  18.11
1990-1994       60      0.02043  0.02022  0.50   78212    1582   77421  1362221  17.42
1990-1994       61      0.02088  0.02066  0.50   76630    1583   75839  1284799  16.77
1990-1994       62      0.02276  0.02251  0.50   75047    1689   74203  1208960  16.11
1990-1994       63      0.02397  0.02368  0.50   73358    1737   72489  1134758  15.47
1990-1994       64      0.02626  0.02592  0.50   71621    1857   70692  1062269  14.83
1990-1994       65      0.02837  0.02797  0.50   69764    1951   68788   991576  14.21
1990-1994       66      0.02939  0.02896  0.50   67812    1964   66830   922788  13.61
1990-1994       67      0.03251  0.03199  0.50   65848    2106   64795   855958  13.00
1990-1994       68      0.03538  0.03477  0.50   63742    2216   62634   791163  12.41
1990-1994       69      0.03898  0.03824  0.50   61526    2353   60350   728528  11.84
1990-1994       70      0.04319  0.04228  0.50   59174    2502   57923   668179  11.29
1990-1994       71      0.04473  0.04375  0.50   56672    2479   55432   610256  10.77
1990-1994       72      0.04868  0.04753  0.50   54193    2576   52905   554824  10.24
1990-1994       73      0.05082  0.04956  0.50   51617    2558   50338   501919   9.72
1990-1994       74      0.05577  0.05425  0.50   49059    2662   47728   451581   9.20
1990-1994       75      0.06086  0.05906  0.50   46397    2740   45027   403852   8.70
1990-1994       76      0.06751  0.06531  0.50   43657    2851   42232   358825   8.22
1990-1994       77      0.07511  0.07239  0.50   40806    2954   39329   316593   7.76
1990-1994       78      0.08330  0.07997  0.50   37852    3027   36338   277264   7.32
1990-1994       79      0.08928  0.08547  0.50   34825    2976   33337   240926   6.92
1990-1994       80      0.09843  0.09382  0.50   31849    2988   30355   207589   6.52
1990-1994       81      0.10449  0.09930  0.50   28861    2866   27428   177234   6.14
1990-1994       82      0.11650  0.11009  0.50   25995    2862   24564   149807   5.76
1990-1994       83      0.12695  0.11937  0.50   23133    2761   21752   125243   5.41
1990-1994       84      0.13899  0.12996  0.50   20372    2647   19048   103491   5.08
1990-1994       85      0.15300  0.14213  0.50   17724    2519   16465    84443   4.76
1990-1994       86      0.16623  0.15348  0.50   15205    2334   14038    67978   4.47
1990-1994       87      0.18201  0.16683  0.50   12871    2147   11798    53940   4.19
1990-1994       88      0.20172  0.18324  0.50   10724    1965    9742    42142   3.93
1990-1994       89      0.22896  0.20544  0.50    8759    1799    7859    32401   3.70
1990-1994       90      0.22875  0.20527  0.50    6960    1429    6245    24541   3.53
1990-1994       91      0.25710  0.22782  0.50    5531    1260    4901    18296   3.31
1990-1994       92      0.27122  0.23883  0.50    4271    1020    3761    13395   3.14
1990-1994       93      0.27939  0.24515  0.50    3251     797    2852     9634   2.96
1990-1994       94      0.30778  0.26674  0.50    2454     655    2127     6782   2.76
1990-1994       95      0.34148  0.29168  0.50    1799     525    1537     4655   2.59
1990-1994       96      0.36554  0.30906  0.50    1275     394    1078     3118   2.45
1990-1994       97      0.39029  0.32657  0.50     881     288     737     2040   2.32
1990-1994       98      0.41562  0.34411  0.50     593     204     491     1304   2.20
1990-1994       99      0.44141  0.36160  0.50     389     141     319      813   2.09
1990-1994      100      0.46751  0.37893  0.50     248      94     201      494   1.99
1990-1994      101      0.49379  0.39602  0.50     154      61     124      293   1.90
1990-1994      102      0.52011  0.41277  0.50      93      38      74      169   1.81
1990-1994      103      0.54631  0.42910  0.50      55      23      43       95   1.74
1990-1994      104      0.57226  0.44495  0.50      31      14      24       52   1.67
1990-1994      105      0.59782  0.46025  0.50      17       8      13       28   1.61
1990-1994      106      0.62286  0.47495  0.50       9       4       7       14   1.55
1990-1994      107      0.64726  0.48900  0.50       5       2       4        7   1.50
1990-1994      108      0.67091  0.50238  0.50       3       1       2        4   1.46
1990-1994      109      0.69373  0.51507  0.50       1       1       1        2   1.42
1990-1994      110+     0.71564  1.00000  1.40       1       1       1        1   1.40
1995-1999        0      0.02220  0.02177  0.10  100000    2177   98051  6968745  69.69
1995-1999        1      0.00159  0.00159  0.50   97823     155   97746  6870694  70.24
1995-1999        2      0.00093  0.00093  0.50   97668      90   97623  6772948  69.35
1995-1999        3      0.00059  0.00059  0.50   97578      58   97549  6675326  68.41
1995-1999        4      0.00049  0.00049  0.50   97520      48   97496  6577777  67.45
1995-1999        5      0.00037  0.00037  0.50   97472      36   97454  6480281  66.48
1995-1999        6      0.00033  0.00033  0.50   97436      32   97420  6382827  65.51
1995-1999        7      0.00032  0.00032  0.50   97404      31   97388  6285407  64.53
1995-1999        8      0.00030  0.00030  0.50   97372      29   97358  6188019  63.55
1995-1999        9      0.00030  0.00030  0.50   97343      29   97328  6090661  62.57
1995-1999       10      0.00030  0.00030  0.50   97314      29   97299  5993333  61.59
1995-1999       11      0.00031  0.00031  0.50   97285      30   97269  5896034  60.61
1995-1999       12      0.00034  0.00034  0.50   97254      33   97238  5798764  59.62
1995-1999       13      0.00045  0.00045  0.50   97221      44   97199  5701527  58.64
1995-1999       14      0.00052  0.00052  0.50   97177      50   97152  5604327  57.67
1995-1999       15      0.00070  0.00070  0.50   97127      68   97093  5507175  56.70
1995-1999       16      0.00090  0.00090  0.50   97060      87   97016  5410082  55.74
1995-1999       17      0.00111  0.00111  0.50   96973     108   96919  5313066  54.79
1995-1999       18      0.00128  0.00128  0.50   96865     124   96803  5216147  53.85
1995-1999       19      0.00136  0.00136  0.50   96741     132   96675  5119344  52.92
1995-1999       20      0.00150  0.00150  0.50   96609     145   96536  5022669  51.99
1995-1999       21      0.00144  0.00144  0.50   96464     139   96394  4926133  51.07
1995-1999       22      0.00150  0.00150  0.50   96325     145   96252  4829739  50.14
1995-1999       23      0.00164  0.00164  0.50   96180     158   96101  4733486  49.21
1995-1999       24      0.00164  0.00164  0.50   96022     157   95944  4637385  48.29
1995-1999       25      0.00180  0.00180  0.50   95865     173   95778  4541442  47.37
1995-1999       26      0.00177  0.00177  0.50   95692     169   95607  4445663  46.46
1995-1999       27      0.00180  0.00180  0.50   95523     172   95437  4350056  45.54
1995-1999       28      0.00184  0.00183  0.50   95351     175   95263  4254619  44.62
1995-1999       29      0.00182  0.00182  0.50   95176     173   95089  4159356  43.70
1995-1999       30      0.00213  0.00213  0.50   95003     202   94902  4064266  42.78
1995-1999       31      0.00187  0.00187  0.50   94801     177   94712  3969365  41.87
1995-1999       32      0.00194  0.00193  0.50   94623     183   94532  3874653  40.95
1995-1999       33      0.00201  0.00201  0.50   94440     189   94346  3780121  40.03
1995-1999       34      0.00199  0.00199  0.50   94251     187   94157  3685775  39.11
1995-1999       35      0.00235  0.00235  0.50   94064     221   93953  3591618  38.18
1995-1999       36      0.00235  0.00235  0.50   93843     220   93733  3497665  37.27
1995-1999       37      0.00242  0.00242  0.50   93623     226   93509  3403932  36.36
1995-1999       38      0.00258  0.00258  0.50   93396     241   93276  3310423  35.44
1995-1999       39      0.00278  0.00278  0.50   93155     259   93026  3217148  34.54
1995-1999       40      0.00327  0.00326  0.50   92896     303   92745  3124122  33.63
1995-1999       41      0.00317  0.00317  0.50   92593     293   92447  3031377  32.74
1995-1999       42      0.00358  0.00357  0.50   92300     330   92136  2938930  31.84
1995-1999       43      0.00385  0.00384  0.50   91971     354   91794  2846794  30.95
1995-1999       44      0.00433  0.00432  0.50   91617     396   91419  2755000  30.07
1995-1999       45      0.00502  0.00501  0.50   91221     457   90993  2663581  29.20
1995-1999       46      0.00537  0.00535  0.50   90765     486   90522  2572588  28.34
1995-1999       47      0.00584  0.00583  0.50   90279     526   90016  2482066  27.49
1995-1999       48      0.00649  0.00647  0.50   89753     581   89463  2392051  26.65
1995-1999       49      0.00715  0.00713  0.50   89172     635   88855  2302588  25.82
1995-1999       50      0.00848  0.00845  0.50   88537     748   88163  2213734  25.00
1995-1999       51      0.00832  0.00828  0.50   87789     727   87426  2125571  24.21
1995-1999       52      0.00920  0.00916  0.50   87062     797   86663  2038145  23.41
1995-1999       53      0.01038  0.01032  0.50   86265     890   85819  1951482  22.62
1995-1999       54      0.01093  0.01087  0.50   85374     928   84910  1865662  21.85
1995-1999       55      0.01245  0.01237  0.50   84446    1045   83924  1780752  21.09
1995-1999       56      0.01340  0.01331  0.50   83401    1110   82847  1696828  20.35
1995-1999       57      0.01419  0.01409  0.50   82292    1160   81712  1613982  19.61
1995-1999       58      0.01556  0.01544  0.50   81132    1253   80506  1532270  18.89
1995-1999       59      0.01665  0.01651  0.50   79879    1319   79220  1451764  18.17
1995-1999       60      0.01931  0.01913  0.50   78560    1502   77809  1372545  17.47
1995-1999       61      0.01938  0.01919  0.50   77058    1479   76318  1294736  16.80
1995-1999       62      0.02163  0.02140  0.50   75579    1617   74770  1218417  16.12
1995-1999       63      0.02386  0.02358  0.50   73962    1744   73090  1143647  15.46
1995-1999       64      0.02624  0.02590  0.50   72218    1871   71283  1070557  14.82
1995-1999       65      0.02877  0.02836  0.50   70347    1995   69350   999275  14.20
1995-1999       66      0.03088  0.03041  0.50   68352    2079   67313   929925  13.60
1995-1999       67      0.03317  0.03263  0.50   66274    2162   65192   862612  13.02
1995-1999       68      0.03589  0.03525  0.50   64111    2260   62981   797420  12.44
1995-1999       69      0.03799  0.03728  0.50   61851    2306   60698   734438  11.87
1995-1999       70      0.04149  0.04064  0.50   59545    2420   58335   673740  11.31
1995-1999       71      0.04429  0.04333  0.50   57125    2475   55888   615405  10.77
1995-1999       72      0.04828  0.04715  0.50   54650    2577   53362   559518  10.24
1995-1999       73      0.05258  0.05123  0.50   52074    2668   50740   506156   9.72
1995-1999       74      0.05891  0.05723  0.50   49406    2827   47992   455416   9.22
1995-1999       75      0.06371  0.06175  0.50   46578    2876   45140   407424   8.75
1995-1999       76      0.06962  0.06728  0.50   43702    2940   42232   362284   8.29
1995-1999       77      0.07466  0.07198  0.50   40762    2934   39295   320051   7.85
1995-1999       78      0.08087  0.07773  0.50   37828    2940   36358   280756   7.42
1995-1999       79      0.08929  0.08547  0.50   34888    2982   33397   244398   7.01
1995-1999       80      0.09655  0.09211  0.50   31906    2939   30436   211001   6.61
1995-1999       81      0.10517  0.09991  0.50   28967    2894   27520   180565   6.23
1995-1999       82      0.11535  0.10906  0.50   26073    2843   24651   153045   5.87
1995-1999       83      0.12454  0.11724  0.50   23229    2723   21868   128394   5.53
1995-1999       84      0.13562  0.12701  0.50   20506    2604   19204   106526   5.19
1995-1999       85      0.14897  0.13864  0.50   17902    2482   16661    87322   4.88
1995-1999       86      0.16401  0.15158  0.50   15420    2337   14251    70661   4.58
1995-1999       87      0.17540  0.16125  0.50   13082    2110   12028    56410   4.31
1995-1999       88      0.19055  0.17398  0.50   10973    1909   10018    44383   4.04
1995-1999       89      0.21119  0.19102  0.50    9064    1731    8198    34364   3.79
1995-1999       90      0.23101  0.20709  0.50    7332    1518    6573    26166   3.57
1995-1999       91      0.24764  0.22035  0.50    5814    1281    5173    19593   3.37
1995-1999       92      0.26421  0.23338  0.50    4533    1058    4004    14420   3.18
1995-1999       93      0.28529  0.24968  0.50    3475     868    3041    10416   3.00
1995-1999       94      0.30994  0.26835  0.50    2607     700    2258     7375   2.83
1995-1999       95      0.32793  0.28173  0.50    1908     537    1639     5117   2.68
1995-1999       96      0.35077  0.29843  0.50    1370     409    1166     3478   2.54
1995-1999       97      0.37432  0.31531  0.50     961     303     810     2312   2.41
1995-1999       98      0.39848  0.33228  0.50     658     219     549     1503   2.28
1995-1999       99      0.42314  0.34925  0.50     439     153     363      954   2.17
1995-1999      100      0.44819  0.36614  0.50     286     105     234      591   2.07
1995-1999      101      0.47351  0.38287  0.50     181      69     147      357   1.97
1995-1999      102      0.49897  0.39934  0.50     112      45      90      211   1.88
1995-1999      103      0.52443  0.41548  0.50      67      28      53      121   1.80
1995-1999      104      0.54976  0.43123  0.50      39      17      31       68   1.73
1995-1999      105      0.57484  0.44651  0.50      22      10      17       37   1.67
1995-1999      106      0.59954  0.46127  0.50      12       6      10       20   1.61
1995-1999      107      0.62374  0.47546  0.50       7       3       5       10   1.55
1995-1999      108      0.64734  0.48905  0.50       3       2       3        5   1.51
1995-1999      109      0.67025  0.50201  0.50       2       1       1        3   1.47
1995-1999      110+     0.69237  1.00000  1.44       1       1       1        1   1.44
2000-2004        0      0.01802  0.01773  0.09  100000    1773   98393  7077777  70.78
2000-2004        1      0.00110  0.00110  0.50   98227     108   98173  6979385  71.05
2000-2004        2      0.00081  0.00081  0.50   98120      79   98080  6881211  70.13
2000-2004        3      0.00053  0.00053  0.50   98041      52   98015  6783131  69.19
2000-2004        4      0.00041  0.00041  0.50   97989      40   97969  6685116  68.22
2000-2004        5      0.00034  0.00034  0.50   97949      33   97932  6587148  67.25
2000-2004        6      0.00030  0.00030  0.50   97915      29   97901  6489216  66.27
2000-2004        7      0.00028  0.00028  0.50   97886      27   97872  6391315  65.29
2000-2004        8      0.00027  0.00027  0.50   97859      26   97846  6293442  64.31
2000-2004        9      0.00027  0.00027  0.50   97833      27   97819  6195597  63.33
2000-2004       10      0.00027  0.00027  0.50   97806      26   97793  6097777  62.35
2000-2004       11      0.00027  0.00027  0.50   97780      27   97767  5999984  61.36
2000-2004       12      0.00032  0.00032  0.50   97753      31   97738  5902218  60.38
2000-2004       13      0.00039  0.00039  0.50   97722      38   97703  5804480  59.40
2000-2004       14      0.00050  0.00050  0.50   97685      48   97660  5706776  58.42
2000-2004       15      0.00069  0.00069  0.50   97636      67   97603  5609116  57.45
2000-2004       16      0.00091  0.00091  0.50   97569      88   97525  5511513  56.49
2000-2004       17      0.00110  0.00110  0.50   97481     107   97427  5413989  55.54
2000-2004       18      0.00133  0.00133  0.50   97373     129   97309  5316562  54.60
2000-2004       19      0.00138  0.00138  0.50   97244     134   97177  5219253  53.67
2000-2004       20      0.00152  0.00152  0.50   97110     148   97036  5122076  52.75
2000-2004       21      0.00142  0.00142  0.50   96962     137   96894  5025040  51.82
2000-2004       22      0.00152  0.00151  0.50   96825     147   96752  4928146  50.90
2000-2004       23      0.00150  0.00150  0.50   96678     145   96606  4831395  49.97
2000-2004       24      0.00145  0.00145  0.50   96533     140   96463  4734789  49.05
2000-2004       25      0.00157  0.00157  0.50   96393     151   96317  4638326  48.12
2000-2004       26      0.00149  0.00149  0.50   96242     143   96170  4542009  47.19
2000-2004       27      0.00145  0.00145  0.50   96098     139   96029  4445839  46.26
2000-2004       28      0.00149  0.00149  0.50   95959     143   95888  4349810  45.33
2000-2004       29      0.00158  0.00158  0.50   95816     151   95741  4253922  44.40
2000-2004       30      0.00177  0.00177  0.50   95666     169   95581  4158181  43.47
2000-2004       31      0.00174  0.00174  0.50   95496     166   95413  4062600  42.54
2000-2004       32      0.00174  0.00174  0.50   95330     166   95247  3967187  41.62
2000-2004       33      0.00181  0.00181  0.50   95164     173   95078  3871940  40.69
2000-2004       34      0.00188  0.00188  0.50   94992     179   94903  3776862  39.76
2000-2004       35      0.00211  0.00210  0.50   94813     199   94713  3681959  38.83
2000-2004       36      0.00198  0.00198  0.50   94614     187   94520  3587245  37.91
2000-2004       37      0.00213  0.00213  0.50   94427     201   94326  3492725  36.99
2000-2004       38      0.00234  0.00233  0.50   94226     220   94116  3398399  36.07
2000-2004       39      0.00232  0.00232  0.50   94006     218   93897  3304283  35.15
2000-2004       40      0.00280  0.00280  0.50   93788     262   93657  3210386  34.23
2000-2004       41      0.00280  0.00280  0.50   93526     261   93395  3116729  33.32
2000-2004       42      0.00321  0.00321  0.50   93264     299   93115  3023334  32.42
2000-2004       43      0.00341  0.00341  0.50   92965     317   92807  2930220  31.52
2000-2004       44      0.00382  0.00381  0.50   92648     353   92472  2837413  30.63
2000-2004       45      0.00439  0.00438  0.50   92295     404   92093  2744942  29.74
2000-2004       46      0.00463  0.00462  0.50   91891     424   91678  2652849  28.87
2000-2004       47      0.00505  0.00504  0.50   91466     461   91236  2561170  28.00
2000-2004       48      0.00570  0.00568  0.50   91005     517   90747  2469934  27.14
2000-2004       49      0.00631  0.00629  0.50   90488     569   90204  2379187  26.29
2000-2004       50      0.00757  0.00754  0.50   89920     678   89581  2288983  25.46
2000-2004       51      0.00757  0.00755  0.50   89241     673   88905  2199403  24.65
2000-2004       52      0.00864  0.00860  0.50   88568     762   88187  2110498  23.83
2000-2004       53      0.00930  0.00926  0.50   87806     813   87400  2022311  23.03
2000-2004       54      0.01032  0.01027  0.50   86993     893   86547  1934911  22.24
2000-2004       55      0.01153  0.01147  0.50   86100     987   85607  1848364  21.47
2000-2004       56      0.01246  0.01238  0.50   85113    1054   84586  1762758  20.71
2000-2004       57      0.01337  0.01328  0.50   84059    1117   83501  1678172  19.96
2000-2004       58      0.01466  0.01456  0.50   82942    1207   82339  1594671  19.23
2000-2004       59      0.01543  0.01531  0.50   81735    1251   81109  1512333  18.50
2000-2004       60      0.01800  0.01784  0.50   80484    1436   79766  1431223  17.78
2000-2004       61      0.01823  0.01806  0.50   79048    1428   78334  1351458  17.10
2000-2004       62      0.02061  0.02040  0.50   77620    1584   76828  1273124  16.40
2000-2004       63      0.02222  0.02197  0.50   76037    1671   75201  1196295  15.73
2000-2004       64      0.02378  0.02350  0.50   74366    1748   73492  1121094  15.08
2000-2004       65      0.02643  0.02609  0.50   72618    1894   71671  1047602  14.43
2000-2004       66      0.02754  0.02717  0.50   70724    1922   69763   975931  13.80
2000-2004       67      0.02981  0.02937  0.50   68803    2021   67792   906167  13.17
2000-2004       68      0.03371  0.03315  0.50   66781    2214   65675   838375  12.55
2000-2004       69      0.03583  0.03520  0.50   64568    2273   63431   772701  11.97
2000-2004       70      0.04119  0.04036  0.50   62295    2514   61038   709270  11.39
2000-2004       71      0.04363  0.04270  0.50   59781    2553   58504   648232  10.84
2000-2004       72      0.04720  0.04611  0.50   57228    2639   55908   589727  10.30
2000-2004       73      0.05137  0.05009  0.50   54589    2734   53222   533819   9.78
2000-2004       74      0.05503  0.05355  0.50   51855    2777   50466   480597   9.27
2000-2004       75      0.06032  0.05855  0.50   49078    2874   47641   430131   8.76
2000-2004       76      0.06486  0.06282  0.50   46204    2903   44753   382490   8.28
2000-2004       77      0.07062  0.06821  0.50   43302    2954   41825   337737   7.80
2000-2004       78      0.08076  0.07763  0.50   40348    3132   38782   295912   7.33
2000-2004       79      0.08887  0.08509  0.50   37216    3167   35632   257130   6.91
2000-2004       80      0.10057  0.09575  0.50   34049    3260   32419   221498   6.51
2000-2004       81      0.11114  0.10528  0.50   30789    3242   29168   189079   6.14
2000-2004       82      0.11822  0.11162  0.50   27547    3075   26010   159911   5.80
2000-2004       83      0.12714  0.11954  0.50   24472    2925   23010   133901   5.47
2000-2004       84      0.13787  0.12898  0.50   21547    2779   20157   110891   5.15
2000-2004       85      0.15137  0.14072  0.50   18768    2641   17447    90734   4.83
2000-2004       86      0.16302  0.15074  0.50   16127    2431   14911    73287   4.54
2000-2004       87      0.17844  0.16382  0.50   13696    2244   12574    58375   4.26
2000-2004       88      0.19129  0.17459  0.50   11452    1999   10453    45801   4.00
2000-2004       89      0.21124  0.19106  0.50    9453    1806    8550    35348   3.74
2000-2004       90      0.23580  0.21093  0.50    7647    1613    6840    26799   3.50
2000-2004       91      0.24988  0.22213  0.50    6034    1340    5364    19958   3.31
2000-2004       92      0.27283  0.24008  0.50    4694    1127    4130    14595   3.11
2000-2004       93      0.29549  0.25745  0.50    3567     918    3108    10464   2.93
2000-2004       94      0.32275  0.27790  0.50    2648     736    2280     7357   2.78
2000-2004       95      0.33248  0.28508  0.50    1912     545    1640     5076   2.65
2000-2004       96      0.35528  0.30169  0.50    1367     412    1161     3437   2.51
2000-2004       97      0.37877  0.31846  0.50     955     304     803     2276   2.38
2000-2004       98      0.40283  0.33530  0.50     651     218     542     1473   2.26
2000-2004       99      0.42737  0.35213  0.50     433     152     356      931   2.15
2000-2004      100      0.45228  0.36886  0.50     280     103     229      575   2.05
2000-2004      101      0.47743  0.38542  0.50     177      68     143      346   1.96
2000-2004      102      0.50269  0.40172  0.50     109      44      87      204   1.87
2000-2004      103      0.52794  0.41768  0.50      65      27      51      117   1.79
2000-2004      104      0.55304  0.43324  0.50      38      16      30       65   1.72
2000-2004      105      0.57788  0.44834  0.50      21      10      17       36   1.66
2000-2004      106      0.60233  0.46292  0.50      12       5       9       19   1.60
2000-2004      107      0.62628  0.47693  0.50       6       3       5       10   1.55
2000-2004      108      0.64963  0.49035  0.50       3       2       3        5   1.50
2000-2004      109      0.67228  0.50315  0.50       2       1       1        2   1.46
2000-2004      110+     0.69415  1.00000  1.44       1       1       1        1   1.44
2005-2009        0      0.01428  0.01410  0.08  100000    1410   98708  7186341  71.86
2005-2009        1      0.00093  0.00093  0.50   98590      91   98545  7087633  71.89
2005-2009        2      0.00064  0.00064  0.50   98499      63   98468  6989088  70.96
2005-2009        3      0.00044  0.00044  0.50   98436      43   98415  6890621  70.00
2005-2009        4      0.00033  0.00033  0.50   98393      32   98377  6792206  69.03
2005-2009        5      0.00031  0.00031  0.50   98361      30   98346  6693829  68.05
2005-2009        6      0.00027  0.00027  0.50   98331      26   98318  6595483  67.07
2005-2009        7      0.00029  0.00029  0.50   98305      28   98290  6497165  66.09
2005-2009        8      0.00026  0.00026  0.50   98276      26   98263  6398874  65.11
2005-2009        9      0.00027  0.00027  0.50   98251      26   98238  6300611  64.13
2005-2009       10      0.00026  0.00026  0.50   98224      26   98212  6202373  63.14
2005-2009       11      0.00031  0.00031  0.50   98199      30   98184  6104162  62.16
2005-2009       12      0.00033  0.00033  0.50   98169      33   98152  6005978  61.18
2005-2009       13      0.00039  0.00039  0.50   98136      38   98117  5907826  60.20
2005-2009       14      0.00051  0.00051  0.50   98098      50   98073  5809709  59.22
2005-2009       15      0.00061  0.00061  0.50   98048      60   98018  5711636  58.25
2005-2009       16      0.00083  0.00083  0.50   97988      81   97947  5613618  57.29
2005-2009       17      0.00111  0.00111  0.50   97907     108   97853  5515671  56.34
2005-2009       18      0.00128  0.00128  0.50   97798     125   97736  5417819  55.40
2005-2009       19      0.00137  0.00137  0.50   97674     134   97607  5320083  54.47
2005-2009       20      0.00138  0.00138  0.50   97540     135   97472  5222476  53.54
2005-2009       21      0.00144  0.00144  0.50   97405     140   97335  5125003  52.62
2005-2009       22      0.00140  0.00139  0.50   97265     136   97197  5027668  51.69
2005-2009       23      0.00143  0.00143  0.50   97129     139   97060  4930471  50.76
2005-2009       24      0.00141  0.00141  0.50   96990     136   96922  4833412  49.83
2005-2009       25      0.00145  0.00144  0.50   96854     140   96784  4736490  48.90
2005-2009       26      0.00137  0.00137  0.50   96714     133   96647  4639706  47.97
2005-2009       27      0.00136  0.00136  0.50   96581     132   96515  4543059  47.04
2005-2009       28      0.00146  0.00146  0.50   96449     141   96379  4446544  46.10
2005-2009       29      0.00146  0.00146  0.50   96308     141   96238  4350165  45.17
2005-2009       30      0.00152  0.00152  0.50   96168     146   96095  4253927  44.23
2005-2009       31      0.00143  0.00143  0.50   96022     137   95953  4157832  43.30
2005-2009       32      0.00151  0.00151  0.50   95885     145   95812  4061879  42.36
2005-2009       33      0.00157  0.00157  0.50   95740     150   95665  3966067  41.43
2005-2009       34      0.00165  0.00165  0.50   95590     158   95511  3870402  40.49
2005-2009       35      0.00184  0.00184  0.50   95432     175   95344  3774891  39.56
2005-2009       36      0.00185  0.00185  0.50   95257     176   95168  3679547  38.63
2005-2009       37      0.00201  0.00201  0.50   95080     191   94985  3584378  37.70
2005-2009       38      0.00214  0.00214  0.50   94890     203   94788  3489393  36.77
2005-2009       39      0.00223  0.00223  0.50   94687     211   94581  3394605  35.85
2005-2009       40      0.00257  0.00256  0.50   94476     242   94355  3300024  34.93
2005-2009       41      0.00270  0.00269  0.50   94234     254   94107  3205669  34.02
2005-2009       42      0.00278  0.00278  0.50   93980     261   93849  3111562  33.11
2005-2009       43      0.00297  0.00296  0.50   93719     278   93580  3017713  32.20
2005-2009       44      0.00335  0.00334  0.50   93441     312   93285  2924133  31.29
2005-2009       45      0.00390  0.00390  0.50   93129     363   92948  2830848  30.40
2005-2009       46      0.00413  0.00412  0.50   92766     382   92575  2737900  29.51
2005-2009       47      0.00451  0.00450  0.50   92384     416   92176  2645325  28.63
2005-2009       48      0.00509  0.00508  0.50   91969     467   91735  2553148  27.76
2005-2009       49      0.00580  0.00579  0.50   91502     529   91237  2461413  26.90
2005-2009       50      0.00686  0.00684  0.50   90972     622   90661  2370176  26.05
2005-2009       51      0.00708  0.00705  0.50   90350     637   90032  2279515  25.23
2005-2009       52      0.00774  0.00771  0.50   89713     691   89367  2189483  24.41
2005-2009       53      0.00834  0.00830  0.50   89022     739   88652  2100116  23.59
2005-2009       54      0.00938  0.00934  0.50   88283     824   87871  2011464  22.78
2005-2009       55      0.01053  0.01047  0.50   87459     916   87001  1923593  21.99
2005-2009       56      0.01144  0.01137  0.50   86543     984   86051  1836592  21.22
2005-2009       57      0.01248  0.01240  0.50   85559    1061   85028  1750541  20.46
2005-2009       58      0.01362  0.01353  0.50   84498    1143   83926  1665513  19.71
2005-2009       59      0.01466  0.01456  0.50   83354    1213   82748  1581587  18.97
2005-2009       60      0.01720  0.01705  0.50   82141    1401   81441  1498839  18.25
2005-2009       61      0.01769  0.01754  0.50   80740    1416   80032  1417399  17.56
2005-2009       62      0.01897  0.01879  0.50   79324    1490   78579  1337367  16.86
2005-2009       63      0.02083  0.02061  0.50   77834    1605   77032  1258788  16.17
2005-2009       64      0.02246  0.02221  0.50   76229    1693   75383  1181756  15.50
2005-2009       65      0.02497  0.02466  0.50   74536    1838   73617  1106374  14.84
2005-2009       66      0.02591  0.02558  0.50   72698    1860   71768  1032757  14.21
2005-2009       67      0.02895  0.02854  0.50   70838    2021   69827   960989  13.57
2005-2009       68      0.03133  0.03084  0.50   68816    2122   67755   891162  12.95
2005-2009       69      0.03356  0.03300  0.50   66694    2201   65593   823407  12.35
2005-2009       70      0.03738  0.03670  0.50   64493    2367   63309   757814  11.75
2005-2009       71      0.03881  0.03807  0.50   62126    2365   60943   694505  11.18
2005-2009       72      0.04180  0.04094  0.50   59761    2447   58537   633561  10.60
2005-2009       73      0.04668  0.04561  0.50   57314    2614   56007   575024  10.03
2005-2009       74      0.05155  0.05025  0.50   54700    2749   53325   519017   9.49
2005-2009       75      0.05706  0.05548  0.50   51951    2882   50510   465692   8.96
2005-2009       76      0.06211  0.06024  0.50   49069    2956   47591   415182   8.46
2005-2009       77      0.06770  0.06548  0.50   46113    3020   44603   367591   7.97
2005-2009       78      0.07431  0.07165  0.50   43093    3088   41549   322989   7.50
2005-2009       79      0.07986  0.07679  0.50   40005    3072   38469   281439   7.04
2005-2009       80      0.08702  0.08339  0.50   36933    3080   35393   242970   6.58
2005-2009       81      0.09539  0.09104  0.50   33853    3082   32312   207577   6.13
2005-2009       82      0.10896  0.10333  0.50   30771    3180   29181   175264   5.70
2005-2009       83      0.12368  0.11648  0.50   27592    3214   25985   146083   5.29
2005-2009       84      0.14268  0.13318  0.50   24378    3247   22754   120098   4.93
2005-2009       85      0.16178  0.14967  0.50   21131    3163   19550    97344   4.61
2005-2009       86      0.18000  0.16514  0.50   17968    2967   16485    77794   4.33
2005-2009       87      0.19142  0.17470  0.50   15001    2621   13691    61310   4.09
2005-2009       88      0.20898  0.18921  0.50   12380    2342   11209    47619   3.85
2005-2009       89      0.22682  0.20372  0.50   10038    2045    9015    36410   3.63
2005-2009       90      0.23943  0.21383  0.50    7993    1709    7138    27394   3.43
2005-2009       91      0.25567  0.22669  0.50    6284    1424    5572    20256   3.22
2005-2009       92      0.27083  0.23853  0.50    4859    1159    4280    14684   3.02
2005-2009       93      0.29918  0.26025  0.50    3700     963    3219    10404   2.81
2005-2009       94      0.31731  0.27386  0.50    2737     750    2362     7186   2.63
2005-2009       95      0.36494  0.30863  0.50    1988     613    1681     4823   2.43
2005-2009       96      0.39248  0.32809  0.50    1374     451    1149     3142   2.29
2005-2009       97      0.42071  0.34759  0.50     923     321     763     1994   2.16
2005-2009       98      0.44948  0.36700  0.50     602     221     492     1231   2.04
2005-2009       99      0.47858  0.38618  0.50     381     147     308      739   1.94
2005-2009      100      0.50784  0.40500  0.50     234      95     187      431   1.84
2005-2009      101      0.53704  0.42336  0.50     139      59     110      245   1.76
2005-2009      102      0.56598  0.44114  0.50      80      35      63      135   1.68
2005-2009      103      0.59449  0.45827  0.50      45      21      35       72   1.61
2005-2009      104      0.62237  0.47466  0.50      24      12      19       38   1.54
2005-2009      105      0.64946  0.49026  0.50      13       6      10       19   1.49
2005-2009      106      0.67563  0.50502  0.50       7       3       5        9   1.44
2005-2009      107      0.70074  0.51892  0.50       3       2       2        4   1.39
2005-2009      108      0.72470  0.53195  0.50       2       1       1        2   1.35
2005-2009      109      0.74743  0.54409  0.50       1       0       1        1   1.32
2005-2009      110+     0.76888  1.00000  1.30       0       0       0        0   1.30
2010-2013        0      0.01259  0.01245  0.08  100000    1245   98853  7241511  72.42
2010-2013        1      0.00081  0.00081  0.50   98755      80   98715  7142658  72.33
2010-2013        2      0.00054  0.00054  0.50   98675      53   98648  7043943  71.39
2010-2013        3      0.00040  0.00040  0.50   98622      40   98602  6945294  70.42
2010-2013        4      0.00031  0.00031  0.50   98582      30   98567  6846692  69.45
2010-2013        5      0.00026  0.00026  0.50   98552      26   98539  6748126  68.47
2010-2013        6      0.00024  0.00024  0.50   98526      24   98514  6649587  67.49
2010-2013        7      0.00023  0.00023  0.50   98502      22   98491  6551073  66.51
2010-2013        8      0.00022  0.00022  0.50   98480      22   98469  6452582  65.52
2010-2013        9      0.00021  0.00021  0.50   98458      21   98447  6354113  64.54
2010-2013       10      0.00024  0.00024  0.50   98437      23   98425  6255666  63.55
2010-2013       11      0.00024  0.00024  0.50   98413      24   98401  6157241  62.57
2010-2013       12      0.00032  0.00032  0.50   98389      31   98374  6058840  61.58
2010-2013       13      0.00035  0.00035  0.50   98358      35   98341  5960466  60.60
2010-2013       14      0.00048  0.00048  0.50   98323      47   98300  5862125  59.62
2010-2013       15      0.00066  0.00066  0.50   98276      65   98244  5763825  58.65
2010-2013       16      0.00099  0.00099  0.50   98212      97   98163  5665581  57.69
2010-2013       17      0.00123  0.00123  0.50   98115     120   98054  5567418  56.74
2010-2013       18      0.00141  0.00140  0.50   97994     138   97925  5469364  55.81
2010-2013       19      0.00159  0.00159  0.50   97857     155   97779  5371438  54.89
2010-2013       20      0.00168  0.00168  0.50   97701     164   97620  5273659  53.98
2010-2013       21      0.00159  0.00159  0.50   97538     155   97460  5176040  53.07
2010-2013       22      0.00160  0.00160  0.50   97382     155   97305  5078580  52.15
2010-2013       23      0.00156  0.00156  0.50   97227     152   97151  4981275  51.23
2010-2013       24      0.00150  0.00150  0.50   97075     145   97003  4884124  50.31
2010-2013       25      0.00153  0.00152  0.50   96930     148   96856  4787121  49.39
2010-2013       26      0.00151  0.00151  0.50   96782     146   96709  4690265  48.46
2010-2013       27      0.00148  0.00147  0.50   96637     143   96565  4593556  47.53
2010-2013       28      0.00148  0.00148  0.50   96494     142   96423  4496990  46.60
2010-2013       29      0.00147  0.00147  0.50   96352     142   96281  4400567  45.67
2010-2013       30      0.00159  0.00159  0.50   96210     153   96133  4304286  44.74
2010-2013       31      0.00152  0.00152  0.50   96057     146   95984  4208153  43.81
2010-2013       32      0.00154  0.00153  0.50   95911     147   95838  4112169  42.87
2010-2013       33      0.00157  0.00157  0.50   95764     150   95689  4016331  41.94
2010-2013       34      0.00155  0.00154  0.50   95614     148   95540  3920643  41.01
2010-2013       35      0.00176  0.00176  0.50   95466     168   95382  3825103  40.07
2010-2013       36      0.00179  0.00179  0.50   95298     170   95213  3729721  39.14
2010-2013       37      0.00190  0.00190  0.50   95128     180   95038  3634508  38.21
2010-2013       38      0.00198  0.00198  0.50   94948     188   94854  3539470  37.28
2010-2013       39      0.00212  0.00212  0.50   94760     201   94659  3444617  36.35
2010-2013       40      0.00248  0.00248  0.50   94559     234   94442  3349957  35.43
2010-2013       41      0.00246  0.00246  0.50   94324     232   94208  3255516  34.51
2010-2013       42      0.00275  0.00275  0.50   94092     258   93963  3161307  33.60
2010-2013       43      0.00287  0.00286  0.50   93834     269   93700  3067344  32.69
2010-2013       44      0.00315  0.00314  0.50   93566     294   93418  2973644  31.78
2010-2013       45      0.00357  0.00356  0.50   93271     332   93105  2880226  30.88
2010-2013       46      0.00375  0.00374  0.50   92939     348   92765  2787121  29.99
2010-2013       47      0.00420  0.00419  0.50   92592     388   92397  2694355  29.10
2010-2013       48      0.00474  0.00472  0.50   92203     436   91986  2601958  28.22
2010-2013       49      0.00508  0.00507  0.50   91768     465   91535  2509972  27.35
2010-2013       50      0.00591  0.00589  0.50   91303     538   91034  2418437  26.49
2010-2013       51      0.00627  0.00625  0.50   90765     568   90481  2327403  25.64
2010-2013       52      0.00702  0.00699  0.50   90197     631   89882  2236922  24.80
2010-2013       53      0.00776  0.00773  0.50   89566     693   89220  2147041  23.97
2010-2013       54      0.00857  0.00854  0.50   88874     759   88494  2057820  23.15
2010-2013       55      0.00982  0.00978  0.50   88115     861   87684  1969326  22.35
2010-2013       56      0.01050  0.01045  0.50   87254     911   86798  1881642  21.57
2010-2013       57      0.01137  0.01130  0.50   86342     976   85854  1794844  20.79
2010-2013       58      0.01263  0.01255  0.50   85366    1072   84831  1708989  20.02
2010-2013       59      0.01394  0.01384  0.50   84295    1167   83711  1624159  19.27
2010-2013       60      0.01554  0.01542  0.50   83128    1282   82487  1540447  18.53
2010-2013       61      0.01687  0.01673  0.50   81846    1369   81161  1457961  17.81
2010-2013       62      0.01844  0.01827  0.50   80477    1470   79741  1376799  17.11
2010-2013       63      0.01996  0.01977  0.50   79006    1562   78225  1297058  16.42
2010-2013       64      0.02144  0.02121  0.50   77445    1643   76623  1218833  15.74
2010-2013       65      0.02402  0.02374  0.50   75802    1800   74902  1142210  15.07
2010-2013       66      0.02598  0.02565  0.50   74002    1898   73053  1067308  14.42
2010-2013       67      0.02802  0.02763  0.50   72104    1992   71108   994255  13.79
2010-2013       68      0.03048  0.03002  0.50   70112    2105   69059   923147  13.17
2010-2013       69      0.03251  0.03199  0.50   68007    2176   66919   854088  12.56
2010-2013       70      0.03565  0.03503  0.50   65831    2306   64678   787169  11.96
2010-2013       71      0.03796  0.03726  0.50   63525    2367   62342   722491  11.37
2010-2013       72      0.04198  0.04111  0.50   61159    2514   59901   660149  10.79
2010-2013       73      0.04450  0.04354  0.50   58644    2553   57368   600247  10.24
2010-2013       74      0.04783  0.04672  0.50   56091    2620   54781   542880   9.68
2010-2013       75      0.05227  0.05094  0.50   53471    2724   52109   488099   9.13
2010-2013       76      0.05589  0.05437  0.50   50747    2759   49367   435990   8.59
2010-2013       77      0.06107  0.05926  0.50   47988    2844   46566   386623   8.06
2010-2013       78      0.06849  0.06622  0.50   45144    2989   43649   340057   7.53
2010-2013       79      0.07572  0.07296  0.50   42154    3076   40616   296409   7.03
2010-2013       80      0.08597  0.08242  0.50   39079    3221   37468   255792   6.55
2010-2013       81      0.09499  0.09068  0.50   35858    3252   34232   218324   6.09
2010-2013       82      0.10385  0.09872  0.50   32606    3219   30997   184092   5.65
2010-2013       83      0.11263  0.10662  0.50   29387    3133   27820   153096   5.21
2010-2013       84      0.12139  0.11444  0.50   26254    3005   24751   125275   4.77
2010-2013       85      0.13253  0.12429  0.50   23249    2890   21804   100524   4.32
2010-2013       86      0.15299  0.14212  0.50   20359    2893   18913    78719   3.87
2010-2013       87      0.18816  0.17198  0.50   17466    3004   15964    59807   3.42
2010-2013       88      0.23389  0.20940  0.50   14462    3028   12948    43843   3.03
2010-2013       89      0.30412  0.26398  0.50   11434    3018    9925    30895   2.70
2010-2013       90      0.36202  0.30653  0.50    8415    2580    7126    20970   2.49
2010-2013       91      0.37982  0.31920  0.50    5836    1863    4904    13844   2.37
2010-2013       92      0.40869  0.33935  0.50    3973    1348    3299     8940   2.25
2010-2013       93      0.42093  0.34774  0.50    2625     913    2168     5641   2.15
2010-2013       94      0.44025  0.36083  0.50    1712     618    1403     3473   2.03
2010-2013       95      0.48035  0.38733  0.50    1094     424     882     2069   1.89
2010-2013       96      0.52073  0.41316  0.50     670     277     532     1187   1.77
2010-2013       97      0.56083  0.43801  0.50     393     172     307      655   1.66
2010-2013       98      0.60016  0.46163  0.50     221     102     170      348   1.57
2010-2013       99      0.63823  0.48383  0.50     119      58      90      178   1.49
2010-2013      100      0.67465  0.50448  0.50      61      31      46       87   1.42
2010-2013      101      0.70907  0.52348  0.50      30      16      22       42   1.36
2010-2013      102      0.74125  0.54081  0.50      15       8      11       19   1.31
2010-2013      103      0.77101  0.55648  0.50       7       4       5        8   1.27
2010-2013      104      0.79829  0.57055  0.50       3       2       2        4   1.23
2010-2013      105      0.82306  0.58310  0.50       1       1       1        2   1.19
2010-2013      106      0.84538  0.59421  0.50       1       0       0        1   1.17
2010-2013      107      0.86534  0.60400  0.50       0       0       0        0   1.14
2010-2013      108      0.88308  0.61260  0.50       0       0       0        0   1.12
2010-2013      109      0.89876  0.62010  0.50       0       0       0        0   1.11
2010-2013      110+     0.91254  1.00000  1.10       0       0       0        0   1.10
