ARG, Death rates (period 1x10), 	Last modified: 04 ago. 2019; MPv5 (May07)

  Year          Age             Female            Male           Total
1990-1999        0             0.018979        0.023667        0.021381
1990-1999        1             0.001537        0.001736        0.001639
1990-1999        2             0.000805        0.000907        0.000857
1990-1999        3             0.000466        0.000602        0.000535
1990-1999        4             0.000342        0.000464        0.000404
1990-1999        5             0.000282        0.000361        0.000322
1990-1999        6             0.000253        0.000335        0.000294
1990-1999        7             0.000230        0.000335        0.000283
1990-1999        8             0.000216        0.000310        0.000264
1990-1999        9             0.000252        0.000343        0.000298
1990-1999       10             0.000242        0.000328        0.000286
1990-1999       11             0.000223        0.000332        0.000278
1990-1999       12             0.000238        0.000360        0.000300
1990-1999       13             0.000268        0.000454        0.000362
1990-1999       14             0.000334        0.000541        0.000439
1990-1999       15             0.000395        0.000696        0.000547
1990-1999       16             0.000450        0.000890        0.000672
1990-1999       17             0.000481        0.001059        0.000773
1990-1999       18             0.000490        0.001200        0.000849
1990-1999       19             0.000516        0.001335        0.000929
1990-1999       20             0.000578        0.001440        0.001013
1990-1999       21             0.000577        0.001403        0.000993
1990-1999       22             0.000612        0.001456        0.001037
1990-1999       23             0.000629        0.001567        0.001101
1990-1999       24             0.000647        0.001541        0.001097
1990-1999       25             0.000684        0.001668        0.001178
1990-1999       26             0.000707        0.001634        0.001173
1990-1999       27             0.000736        0.001633        0.001186
1990-1999       28             0.000779        0.001664        0.001222
1990-1999       29             0.000831        0.001694        0.001263
1990-1999       30             0.000884        0.001980        0.001431
1990-1999       31             0.000877        0.001749        0.001311
1990-1999       32             0.000968        0.001789        0.001376
1990-1999       33             0.001025        0.001884        0.001450
1990-1999       34             0.001070        0.001974        0.001516
1990-1999       35             0.001170        0.002257        0.001705
1990-1999       36             0.001211        0.002190        0.001692
1990-1999       37             0.001339        0.002387        0.001853
1990-1999       38             0.001534        0.002531        0.002022
1990-1999       39             0.001605        0.002828        0.002204
1990-1999       40             0.001781        0.003348        0.002549
1990-1999       41             0.001892        0.003262        0.002563
1990-1999       42             0.002081        0.003698        0.002873
1990-1999       43             0.002273        0.003971        0.003105
1990-1999       44             0.002385        0.004415        0.003380
1990-1999       45             0.002643        0.005127        0.003860
1990-1999       46             0.002780        0.005413        0.004071
1990-1999       47             0.003069        0.005912        0.004463
1990-1999       48             0.003303        0.006493        0.004866
1990-1999       49             0.003680        0.007168        0.005388
1990-1999       50             0.004002        0.008539        0.006221
1990-1999       51             0.004288        0.008455        0.006323
1990-1999       52             0.004603        0.009386        0.006934
1990-1999       53             0.004715        0.010434        0.007496
1990-1999       54             0.005132        0.011182        0.008065
1990-1999       55             0.005464        0.012667        0.008942
1990-1999       56             0.006057        0.013344        0.009562
1990-1999       57             0.006505        0.014330        0.010252
1990-1999       58             0.006907        0.016008        0.011244
1990-1999       59             0.007576        0.017082        0.012085
1990-1999       60             0.008285        0.019867        0.013749
1990-1999       61             0.008921        0.020125        0.014178
1990-1999       62             0.009735        0.022197        0.015550
1990-1999       63             0.010537        0.023913        0.016741
1990-1999       64             0.011742        0.026253        0.018429
1990-1999       65             0.012661        0.028570        0.019940
1990-1999       66             0.013576        0.030148        0.021100
1990-1999       67             0.015088        0.032846        0.023082
1990-1999       68             0.016608        0.035644        0.025099
1990-1999       69             0.018490        0.038462        0.027308
1990-1999       70             0.020118        0.042292        0.029798
1990-1999       71             0.021832        0.044492        0.031604
1990-1999       72             0.024472        0.048471        0.034690
1990-1999       73             0.026930        0.051757        0.037359
1990-1999       74             0.030175        0.057450        0.041468
1990-1999       75             0.034251        0.062380        0.045720
1990-1999       76             0.038692        0.068628        0.050707
1990-1999       77             0.042812        0.074878        0.055478
1990-1999       78             0.049016        0.082043        0.061855
1990-1999       79             0.055129        0.089286        0.068179
1990-1999       80             0.060568        0.097476        0.074176
1990-1999       81             0.067241        0.104839        0.080803
1990-1999       82             0.075105        0.115893        0.089497
1990-1999       83             0.084474        0.125650        0.098681
1990-1999       84             0.094466        0.137138        0.108869
1990-1999       85             0.106978        0.150766        0.121436
1990-1999       86             0.118222        0.164997        0.133319
1990-1999       87             0.131432        0.178313        0.146199
1990-1999       88             0.147409        0.195459        0.162151
1990-1999       89             0.165762        0.218956        0.181627
1990-1999       90             0.181210        0.230029        0.195378
1990-1999       91             0.200101        0.251668        0.214679
1990-1999       92             0.222066        0.267150        0.234513
1990-1999       93             0.238505        0.282844        0.250511
1990-1999       94             0.268220        0.309056        0.279054
1990-1999       95             0.288934        0.338049        0.301681
1990-1999       96             0.310037        0.337413        0.317048
1990-1999       97             0.337215        0.365078        0.344344
1990-1999       98             0.356715        0.359553        0.357446
1990-1999       99             0.476662        0.628826        0.514748
1990-1999      100             0.419495        0.446463        0.425778
1990-1999      101             0.447527        0.472498        0.453327
1990-1999      102             0.476462        0.500959        0.482132
1990-1999      103             0.506795        0.535588        0.513443
1990-1999      104             0.540009        0.581915        0.549632
1990-1999      105             0.579657        0.657051        0.596985
1990-1999      106             0.637419        0.817471        0.674603
1990-1999      107             0.748011        1.312444        0.835457
1990-1999      108             1.018851        1.013937        1.018453
1990-1999      109             2.050081        0.000000        1.919818
1990-1999      110+            0.000000              .        0.000000
2000-2009        0             0.013203        0.016115        0.014698
2000-2009        1             0.000956        0.001010        0.000983
2000-2009        2             0.000622        0.000720        0.000672
2000-2009        3             0.000396        0.000484        0.000441
2000-2009        4             0.000297        0.000367        0.000333
2000-2009        5             0.000276        0.000322        0.000300
2000-2009        6             0.000217        0.000284        0.000251
2000-2009        7             0.000225        0.000283        0.000254
2000-2009        8             0.000208        0.000264        0.000236
2000-2009        9             0.000203        0.000269        0.000236
2000-2009       10             0.000220        0.000266        0.000243
2000-2009       11             0.000208        0.000289        0.000249
2000-2009       12             0.000236        0.000324        0.000281
2000-2009       13             0.000273        0.000389        0.000332
2000-2009       14             0.000297        0.000503        0.000402
2000-2009       15             0.000403        0.000650        0.000528
2000-2009       16             0.000423        0.000865        0.000647
2000-2009       17             0.000458        0.001104        0.000786
2000-2009       18             0.000454        0.001302        0.000884
2000-2009       19             0.000469        0.001377        0.000929
2000-2009       20             0.000479        0.001450        0.000971
2000-2009       21             0.000477        0.001430        0.000959
2000-2009       22             0.000486        0.001456        0.000976
2000-2009       23             0.000518        0.001469        0.000998
2000-2009       24             0.000523        0.001429        0.000980
2000-2009       25             0.000558        0.001507        0.001036
2000-2009       26             0.000555        0.001431        0.000995
2000-2009       27             0.000582        0.001404        0.000995
2000-2009       28             0.000622        0.001474        0.001050
2000-2009       29             0.000670        0.001515        0.001094
2000-2009       30             0.000728        0.001634        0.001183
2000-2009       31             0.000759        0.001571        0.001166
2000-2009       32             0.000797        0.001618        0.001208
2000-2009       33             0.000866        0.001684        0.001275
2000-2009       34             0.000939        0.001760        0.001350
2000-2009       35             0.001008        0.001965        0.001487
2000-2009       36             0.001091        0.001913        0.001502
2000-2009       37             0.001142        0.002065        0.001603
2000-2009       38             0.001309        0.002236        0.001771
2000-2009       39             0.001348        0.002272        0.001807
2000-2009       40             0.001503        0.002681        0.002087
2000-2009       41             0.001569        0.002747        0.002151
2000-2009       42             0.001739        0.002991        0.002356
2000-2009       43             0.001939        0.003183        0.002550
2000-2009       44             0.002101        0.003576        0.002823
2000-2009       45             0.002277        0.004140        0.003187
2000-2009       46             0.002472        0.004372        0.003398
2000-2009       47             0.002655        0.004775        0.003686
2000-2009       48             0.003025        0.005386        0.004171
2000-2009       49             0.003260        0.006049        0.004611
2000-2009       50             0.003619        0.007206        0.005355
2000-2009       51             0.003856        0.007317        0.005529
2000-2009       52             0.004235        0.008169        0.006135
2000-2009       53             0.004683        0.008798        0.006668
2000-2009       54             0.005001        0.009827        0.007326
2000-2009       55             0.005396        0.011004        0.008093
2000-2009       56             0.005866        0.011922        0.008772
2000-2009       57             0.006286        0.012902        0.009452
2000-2009       58             0.006778        0.014115        0.010279
2000-2009       59             0.007400        0.015025        0.011026
2000-2009       60             0.008088        0.017578        0.012581
2000-2009       61             0.008569        0.017946        0.012987
2000-2009       62             0.009335        0.019747        0.014213
2000-2009       63             0.010086        0.021490        0.015394
2000-2009       64             0.010837        0.023092        0.016500
2000-2009       65             0.011853        0.025674        0.018188
2000-2009       66             0.012532        0.026702        0.018968
2000-2009       67             0.013775        0.029370        0.020789
2000-2009       68             0.015067        0.032490        0.022822
2000-2009       69             0.016431        0.034673        0.024462
2000-2009       70             0.018270        0.039254        0.027401
2000-2009       71             0.019699        0.041184        0.028932
2000-2009       72             0.021932        0.044460        0.031485
2000-2009       73             0.023995        0.048990        0.034444
2000-2009       74             0.027236        0.053260        0.037953
2000-2009       75             0.030213        0.058657        0.041739
2000-2009       76             0.033411        0.063450        0.045372
2000-2009       77             0.037435        0.069107        0.049812
2000-2009       78             0.042044        0.077365        0.055573
2000-2009       79             0.047470        0.084029        0.061187
2000-2009       80             0.056011        0.093070        0.069757
2000-2009       81             0.062228        0.102355        0.076768
2000-2009       82             0.071344        0.113095        0.086081
2000-2009       83             0.082238        0.125246        0.096991
2000-2009       84             0.093219        0.140457        0.108927
2000-2009       85             0.105754        0.156828        0.122184
2000-2009       86             0.120795        0.171718        0.136625
2000-2009       87             0.131062        0.185008        0.147254
2000-2009       88             0.145690        0.200125        0.161455
2000-2009       89             0.161846        0.218949        0.177783
2000-2009       90             0.177392        0.237605        0.193552
2000-2009       91             0.195031        0.252813        0.209960
2000-2009       92             0.216912        0.271793        0.230604
2000-2009       93             0.235589        0.297469        0.250492
2000-2009       94             0.258875        0.319774        0.273031
2000-2009       95             0.284390        0.337270        0.296320
2000-2009       96             0.306890        0.366586        0.319956
2000-2009       97             0.333513        0.378637        0.343103
2000-2009       98             0.359135        0.423899        0.372520
2000-2009       99             0.411800        0.493744        0.428096
2000-2009      100             0.411815        0.463025        0.421563
2000-2009      101             0.438660        0.488276        0.447934
2000-2009      102             0.465996        0.516636        0.475329
2000-2009      103             0.494137        0.548287        0.504013
2000-2009      104             0.521968        0.583001        0.532933
2000-2009      105             0.551654        0.627088        0.564908
2000-2009      106             0.585676        0.708037        0.606182
2000-2009      107             0.627353        0.890916        0.666387
2000-2009      108             0.697257        1.478155        0.777532
2000-2009      109             0.870379        3.425743        0.936920
2000-2009      110+            1.599222              .        1.599222
2010-2013        0             0.010477        0.012593        0.011564
2010-2013        1             0.000689        0.000812        0.000752
2010-2013        2             0.000481        0.000541        0.000512
2010-2013        3             0.000309        0.000404        0.000358
2010-2013        4             0.000248        0.000307        0.000278
2010-2013        5             0.000213        0.000262        0.000238
2010-2013        6             0.000182        0.000240        0.000212
2010-2013        7             0.000180        0.000228        0.000204
2010-2013        8             0.000156        0.000223        0.000190
2010-2013        9             0.000189        0.000214        0.000202
2010-2013       10             0.000183        0.000237        0.000211
2010-2013       11             0.000186        0.000243        0.000215
2010-2013       12             0.000234        0.000317        0.000276
2010-2013       13             0.000261        0.000355        0.000309
2010-2013       14             0.000300        0.000479        0.000391
2010-2013       15             0.000402        0.000659        0.000533
2010-2013       16             0.000458        0.000988        0.000727
2010-2013       17             0.000457        0.001227        0.000848
2010-2013       18             0.000522        0.001405        0.000971
2010-2013       19             0.000510        0.001588        0.001057
2010-2013       20             0.000533        0.001677        0.001113
2010-2013       21             0.000538        0.001592        0.001072
2010-2013       22             0.000474        0.001597        0.001043
2010-2013       23             0.000541        0.001563        0.001059
2010-2013       24             0.000492        0.001497        0.001000
2010-2013       25             0.000533        0.001526        0.001035
2010-2013       26             0.000557        0.001506        0.001037
2010-2013       27             0.000571        0.001476        0.001028
2010-2013       28             0.000609        0.001477        0.001047
2010-2013       29             0.000648        0.001472        0.001063
2010-2013       30             0.000695        0.001593        0.001146
2010-2013       31             0.000738        0.001518        0.001130
2010-2013       32             0.000771        0.001536        0.001155
2010-2013       33             0.000807        0.001572        0.001190
2010-2013       34             0.000866        0.001546        0.001207
2010-2013       35             0.000886        0.001759        0.001323
2010-2013       36             0.001032        0.001787        0.001410
2010-2013       37             0.001099        0.001897        0.001498
2010-2013       38             0.001136        0.001982        0.001559
2010-2013       39             0.001314        0.002123        0.001718
2010-2013       40             0.001396        0.002481        0.001937
2010-2013       41             0.001588        0.002462        0.002024
2010-2013       42             0.001655        0.002749        0.002200
2010-2013       43             0.001764        0.002866        0.002312
2010-2013       44             0.001897        0.003149        0.002519
2010-2013       45             0.002105        0.003567        0.002831
2010-2013       46             0.002244        0.003748        0.002990
2010-2013       47             0.002630        0.004202        0.003408
2010-2013       48             0.002833        0.004735        0.003771
2010-2013       49             0.003093        0.005081        0.004069
2010-2013       50             0.003313        0.005909        0.004580
2010-2013       51             0.003543        0.006274        0.004868
2010-2013       52             0.003952        0.007017        0.005430
2010-2013       53             0.004282        0.007763        0.005955
2010-2013       54             0.004599        0.008574        0.006503
2010-2013       55             0.005174        0.009824        0.007397
2010-2013       56             0.005505        0.010501        0.007890
2010-2013       57             0.005875        0.011366        0.008493
2010-2013       58             0.006529        0.012631        0.009431
2010-2013       59             0.007061        0.013940        0.010321
2010-2013       60             0.007824        0.015545        0.011469
2010-2013       61             0.008287        0.016870        0.012321
2010-2013       62             0.009377        0.018439        0.013617
2010-2013       63             0.010221        0.019963        0.014759
2010-2013       64             0.011054        0.021441        0.015869
2010-2013       65             0.011875        0.024025        0.017475
2010-2013       66             0.012798        0.025985        0.018837
2010-2013       67             0.014083        0.028018        0.020420
2010-2013       68             0.015102        0.030478        0.022035
2010-2013       69             0.016122        0.032512        0.023437
2010-2013       70             0.017564        0.035653        0.025538
2010-2013       71             0.019542        0.037963        0.027549
2010-2013       72             0.021190        0.041977        0.030099
2010-2013       73             0.023056        0.044504        0.032119
2010-2013       74             0.024958        0.047832        0.034482
2010-2013       75             0.027560        0.052272        0.037680
2010-2013       76             0.030258        0.055893        0.040562
2010-2013       77             0.033458        0.061075        0.044334
2010-2013       78             0.037547        0.068488        0.049455
2010-2013       79             0.042729        0.075722        0.055117
2010-2013       80             0.049443        0.085967        0.062811
2010-2013       81             0.056007        0.094988        0.069921
2010-2013       82             0.063954        0.103848        0.077874
2010-2013       83             0.071888        0.112629        0.085796
2010-2013       84             0.080147        0.121389        0.093890
2010-2013       85             0.091242        0.132529        0.104612
2010-2013       86             0.106331        0.152989        0.120950
2010-2013       87             0.130352        0.188163        0.147732
2010-2013       88             0.161537        0.233893        0.182185
2010-2013       89             0.204345        0.304120        0.231045
2010-2013       90             0.245502        0.362019        0.274812
2010-2013       91             0.269117        0.379824        0.295916
2010-2013       92             0.285942        0.408693        0.314402
2010-2013       93             0.304332        0.420926        0.330082
2010-2013       94             0.329123        0.440252        0.352601
2010-2013       95             0.361785        0.472836        0.384207
2010-2013       96             0.393570        0.490737        0.412431
2010-2013       97             0.411078        0.504048        0.428677
2010-2013       98             0.438920        0.530009        0.455794
2010-2013       99             0.499710        0.644245        0.525441
2010-2013      100             0.480339        0.586351        0.498039
2010-2013      101             0.507335        0.612115        0.524305
2010-2013      102             0.534986        0.639569        0.551422
2010-2013      103             0.565037        0.671648        0.581299
2010-2013      104             0.595972        0.712422        0.613310
2010-2013      105             0.625918        0.761172        0.645440
2010-2013      106             0.660095        0.823721        0.682736
2010-2013      107             0.708027        0.942456        0.738363
2010-2013      108             0.778641        1.200797        0.826307
2010-2013      109             0.907156        2.117647        1.000964
2010-2013      110+            1.311754        6.000000        1.331954
