ARG, Population size (1-year)	Last modified: 04 ago. 2019; MPv5 (May07)

  Year          Age             Female            Male           Total
  1990           0            348912.00       360187.75       709099.75
  1990         1-4           1303497.75      1348413.75      2651911.50
  1990         5-9           1621429.25      1671689.75      3293119.00
  1990        10-14          1633562.50      1672023.50      3305586.00
  1990        15-19          1364770.75      1392001.25      2756772.00
  1990        20-24          1215800.50      1233399.50      2449200.00
  1990        25-29          1165219.50      1160268.25      2325487.75
  1990        30-34          1121867.25      1079292.75      2201160.00
  1990        35-39          1056080.25      1025382.50      2081462.75
  1990        40-44           944516.75       917723.50      1862240.25
  1990        45-49           832668.00       810540.50      1643208.50
  1990        50-54           765599.00       725420.50      1491019.50
  1990        55-59           732257.50       672470.50      1404728.00
  1990        60-64           684874.00       604353.50      1289227.50
  1990        65-69           580627.50       476753.50      1057381.00
  1990        70-74           457511.50       337541.75       795053.25
  1990        75-79           340214.50       224122.50       564337.00
  1990        80-84           204431.01       117342.03       321773.04
  1990        85-89            93879.49        46023.47       139902.96
  1990        90-94            26071.55        11036.38        37107.93
  1990        95-99             4726.63         1799.16         6525.79
  1990       100-104             418.66          166.70          585.36
  1990       105-109              18.36            7.17           25.53
  1990       110+                  0.00            0.00            0.00
  1991           0            338306.94       351994.58       690301.52
  1991         1-4           1331093.69      1375758.59      2706852.28
  1991         5-9           1610318.42      1662033.66      3272352.08
  1991        10-14          1655620.15      1696005.23      3351625.38
  1991        15-19          1413656.23      1441949.97      2855606.20
  1991        20-24          1235097.82      1254063.16      2489160.98
  1991        25-29          1171999.92      1173152.87      2345152.79
  1991        30-34          1130187.83      1090050.76      2220238.59
  1991        35-39          1071760.20      1037785.45      2109545.65
  1991        40-44           966437.90       936944.05      1903381.95
  1991        45-49           849486.62       826145.44      1675632.06
  1991        50-54           771961.31       732486.11      1504447.42
  1991        55-59           733490.78       672760.86      1406251.64
  1991        60-64           691964.98       609449.76      1301414.74
  1991        65-69           594472.17       488359.62      1082831.79
  1991        70-74           468141.41       346483.05       814624.46
  1991        75-79           348520.17       227772.68       576292.85
  1991        80-84           215318.76       121829.85       337148.61
  1991        85-89            98144.69        47979.81       146124.50
  1991        90-94            28476.20        11800.44        40276.64
  1991        95-99             4954.58         1852.01         6806.59
  1991       100-104             414.04          154.78          568.82
  1991       105-109              15.40            5.51           20.91
  1991       110+                  0.00            0.00            0.00
  1992           0            332054.22       349501.36       681555.58
  1992         1-4           1345083.17      1391766.25      2736849.42
  1992         5-9           1605718.82      1658304.35      3264023.17
  1992        10-14          1660895.10      1702957.94      3363853.04
  1992        15-19          1468967.63      1498348.26      2967315.89
  1992        20-24          1258457.24      1278119.05      2536576.29
  1992        25-29          1178765.75      1184112.79      2362878.54
  1992        30-34          1137920.79      1102704.48      2240625.27
  1992        35-39          1085084.03      1046774.03      2131858.06
  1992        40-44           987845.79       956126.26      1943972.05
  1992        45-49           868233.85       842406.07      1710639.92
  1992        50-54           780006.13       741573.57      1521579.70
  1992        55-59           734803.71       673453.03      1408256.74
  1992        60-64           696271.19       612098.24      1308369.43
  1992        65-69           607985.26       499826.54      1107811.80
  1992        70-74           477070.88       354934.71       832005.59
  1992        75-79           353654.64       230253.81       583908.45
  1992        80-84           227739.25       127874.52       355613.77
  1992        85-89           103188.74        50170.60       153359.34
  1992        90-94            31058.43        12627.53        43685.96
  1992        95-99             5302.21         1965.06         7267.27
  1992       100-104             439.47          158.67          598.14
  1992       105-109              14.40            5.76           20.16
  1992       110+                  0.00            0.00            0.00
  1993           0            324627.41       341862.20       666489.61
  1993         1-4           1348201.66      1400124.01      2748325.67
  1993         5-9           1609974.02      1663225.24      3273199.26
  1993        10-14          1653085.65      1696689.48      3349775.13
  1993        15-19          1527041.82      1557579.05      3084620.87
  1993        20-24          1286454.63      1306388.07      2592842.70
  1993        25-29          1186519.37      1194493.08      2381012.45
  1993        30-34          1145196.93      1117084.83      2262281.76
  1993        35-39          1096386.42      1053288.31      2149674.73
  1993        40-44          1008455.70       974691.39      1983147.09
  1993        45-49           888507.31       859262.35      1747769.66
  1993        50-54           789926.84       751999.19      1541926.03
  1993        55-59           736513.87       674451.56      1410965.43
  1993        60-64           698481.75       612579.50      1311061.25
  1993        65-69           620575.33       510054.49      1130629.82
  1993        70-74           487458.89       363431.37       850890.26
  1993        75-79           358095.29       233377.97       591473.26
  1993        80-84           239247.98       133322.16       372570.14
  1993        85-89           108686.95        52281.37       160968.32
  1993        90-94            33306.28        13330.19        46636.47
  1993        95-99             5549.39         2032.78         7582.17
  1993       100-104             480.66          162.77          643.43
  1993       105-109              19.37            6.03           25.40
  1993       110+                  0.00            0.00            0.00
  1994           0            320063.29       336893.33       656956.62
  1994         1-4           1338688.01      1394971.80      2733659.81
  1994         5-9           1624909.55      1678684.68      3303594.23
  1994        10-14          1637776.66      1682820.35      3320597.01
  1994        15-19          1579764.74      1611684.24      3191448.98
  1994        20-24          1320476.20      1340596.59      2661072.79
  1994        25-29          1196713.94      1206253.98      2402967.92
  1994        30-34          1152199.36      1131947.94      2284147.30
  1994        35-39          1106163.19      1059510.63      2165673.82
  1994        40-44          1027830.07       991836.29      2019666.36
  1994        45-49           909972.30       876877.80      1786850.10
  1994        50-54           801970.46       764519.74      1566490.20
  1994        55-59           739297.12       676957.63      1416254.75
  1994        60-64           699597.40       611631.54      1311228.94
  1994        65-69           631408.03       518640.03      1150048.06
  1994        70-74           499833.85       372502.39       872336.24
  1994        75-79           361995.92       236352.49       598348.41
  1994        80-84           249986.06       137459.46       387445.52
  1994        85-89           114772.03        54348.99       169121.02
  1994        90-94            36081.79        14295.43        50377.22
  1994        95-99             5879.59         2134.54         8014.13
  1994       100-104             511.54          143.80          655.34
  1994       105-109              20.39            3.78           24.17
  1994       110+                  0.00            0.00            0.00
  1995           0            323482.10       340339.26       663821.36
  1995         1-4           1319929.41      1379546.64      2699476.05
  1995         5-9           1649313.48      1703499.80      3352813.28
  1995        10-14          1622009.91      1668416.71      3290426.62
  1995        15-19          1620023.78      1653242.40      3273266.18
  1995        20-24          1361012.63      1381298.67      2742311.30
  1995        25-29          1210746.90      1221069.92      2431816.82
  1995        30-34          1158913.19      1145755.19      2304668.38
  1995        35-39          1114849.09      1066707.03      2181556.12
  1995        40-44          1045485.08      1006578.13      2052063.21
  1995        45-49           931551.95       894965.35      1826517.30
  1995        50-54           816372.24       778497.99      1594870.23
  1995        55-59           743736.87       681729.35      1425466.22
  1995        60-64           700655.01       611565.65      1312220.66
  1995        65-69           640357.96       525667.06      1166025.02
  1995        70-74           515325.36       383696.95       899022.31
  1995        75-79           366279.71       241035.58       607315.29
  1995        80-84           259940.79       142288.94       402229.73
  1995        85-89           122875.01        57456.03       180331.04
  1995        90-94            39782.49        15648.47        55430.96
  1995        95-99             6639.55         2379.38         9018.93
  1995       100-104             548.69          156.71          705.40
  1995       105-109              18.95            3.66           22.61
  1995       110+                  0.00            0.00            0.00
  1996           0            316856.26       333417.48       650273.74
  1996         1-4           1314133.55      1375037.04      2689170.59
  1996         5-9           1665676.85      1721616.74      3387293.59
  1996        10-14          1611245.74      1658993.17      3270238.91
  1996        15-19          1645172.76      1679811.46      3324984.22
  1996        20-24          1407087.39      1427701.34      2834788.73
  1996        25-29          1229483.43      1240313.51      2469796.94
  1996        30-34          1165652.82      1158338.19      2323991.01
  1996        35-39          1122812.18      1075509.43      2198321.61
  1996        40-44          1061127.45      1018824.74      2079952.19
  1996        45-49           952945.48       912994.12      1865939.60
  1996        50-54           832625.04       793468.14      1626093.18
  1996        55-59           749737.45       688232.48      1437969.93
  1996        60-64           701999.75       611684.93      1313684.68
  1996        65-69           646657.48       529415.56      1176073.04
  1996        70-74           531299.56       394318.84       925618.40
  1996        75-79           370592.06       245217.19       615809.25
  1996        80-84           265312.53       144144.84       409457.37
  1996        85-89           130501.76        60033.85       190535.61
  1996        90-94            42039.69        16482.81        58522.50
  1996        95-99             7541.20         2662.44        10203.64
  1996       100-104             626.72          181.21          807.93
  1996       105-109              22.27            4.44           26.71
  1996       110+                  0.00            0.00            0.00
  1997           0            324888.96       341695.31       666584.27
  1997         1-4           1308594.96      1368073.83      2676668.79
  1997         5-9           1676136.79      1735257.83      3411394.62
  1997        10-14          1608216.88      1657179.79      3265396.67
  1997        15-19          1655463.98      1691635.88      3347099.86
  1997        20-24          1457635.07      1478748.13      2936383.20
  1997        25-29          1253226.75      1264255.58      2517482.33
  1997        30-34          1172816.76      1169606.47      2342423.23
  1997        35-39          1130125.91      1086228.63      2216354.54
  1997        40-44          1074760.06      1028456.23      2103216.29
  1997        45-49           974080.55       930947.21      1905027.76
  1997        50-54           850745.58       809241.60      1659987.18
  1997        55-59           757605.11       696730.72      1454335.83
  1997        60-64           703577.48       612626.09      1316203.57
  1997        65-69           650875.73       531451.88      1182327.61
  1997        70-74           546159.15       405371.69       951530.84
  1997        75-79           379750.81       250991.80       630742.61
  1997        80-84           268056.92       144908.64       412965.56
  1997        85-89           139367.25        63463.52       202830.77
  1997        90-94            45119.74        17211.60        62331.34
  1997        95-99             8554.43         2887.53        11441.96
  1997       100-104             760.70          207.87          968.57
  1997       105-109              28.38            5.61           33.99
  1997       110+                  0.00            0.00            0.00
  1998           0            332724.35       350167.24       682891.59
  1998         1-4           1315849.45      1374168.11      2690017.56
  1998         5-9           1680931.69      1742160.10      3423091.79
  1998        10-14          1614242.61      1664383.70      3278626.31
  1998        15-19          1652048.66      1689622.24      3341670.90
  1998        20-24          1510523.84      1532470.49      3042994.33
  1998        25-29          1282124.43      1293227.81      2575352.24
  1998        30-34          1180878.39      1180378.72      2361257.11
  1998        35-39          1137063.60      1099039.96      2236103.56
  1998        40-44          1086368.41      1035867.20      2122235.61
  1998        45-49           994356.91       948507.11      1942864.02
  1998        50-54           870584.96       825877.60      1696462.56
  1998        55-59           767663.59       707106.63      1474770.22
  1998        60-64           705845.76       614584.86      1320430.62
  1998        65-69           653697.76       532313.65      1186011.41
  1998        70-74           559598.66       415430.11       975028.77
  1998        75-79           392735.73       258373.77       651109.50
  1998        80-84           267968.41       144594.60       412563.01
  1998        85-89           147875.98        66866.16       214742.14
  1998        90-94            48594.95        18248.37        66843.32
  1998        95-99             9592.28         3176.19        12768.47
  1998       100-104             866.65          237.21         1103.86
  1998       105-109              33.75            7.35           41.10
  1998       110+                  0.00            0.00            0.00
  1999           0            329196.60       345925.17       675121.77
  1999         1-4           1330905.56      1388178.98      2719084.54
  1999         5-9           1683290.07      1745256.47      3428546.54
  1999        10-14          1629276.79      1680526.50      3309803.29
  1999        15-19          1638228.53      1677340.86      3315569.39
  1999        20-24          1561318.39      1584155.27      3145473.66
  1999        25-29          1316616.30      1327703.21      2644319.51
  1999        30-34          1190757.15      1191677.75      2382434.90
  1999        35-39          1143946.65      1113214.75      2257161.40
  1999        40-44          1096435.25      1042116.04      2138551.29
  1999        45-49          1013517.65       965108.27      1978625.92
  1999        50-54           891630.24       843130.47      1734760.71
  1999        55-59           779628.54       719275.65      1498904.19
  1999        60-64           708798.79       617887.65      1326686.44
  1999        65-69           655448.90       532458.33      1187907.23
  1999        70-74           570540.69       423157.64       993698.33
  1999        75-79           408099.77       267078.38       675178.15
  1999        80-84           267141.55       144047.54       411189.09
  1999        85-89           155150.06        69187.46       224337.52
  1999        90-94            51503.03        19191.99        70695.02
  1999        95-99            10388.79         3337.43        13726.22
  1999       100-104             954.72          272.18         1226.90
  1999       105-109              42.81           10.93           53.74
  1999       110+                  0.00            0.00            0.00
  2000           0            330897.35       347522.05       678419.40
  2000         1-4           1340119.56      1394906.15      2735025.71
  2000         5-9           1688676.20      1750132.84      3438809.04
  2000        10-14          1648872.91      1701303.23      3350176.14
  2000        15-19          1621900.28      1662472.08      3284372.36
  2000        20-24          1603804.42      1627572.92      3231377.34
  2000        25-29          1356339.43      1367526.25      2723865.68
  2000        30-34          1204170.43      1205754.73      2409925.16
  2000        35-39          1150736.40      1127488.67      2278225.07
  2000        40-44          1105010.83      1048536.73      2153547.56
  2000        45-49          1031173.85       979814.50      2010988.35
  2000        50-54           913110.02       860605.92      1773715.94
  2000        55-59           793501.36       732916.18      1526417.54
  2000        60-64           712992.48       622250.64      1335243.12
  2000        65-69           656892.69       532554.76      1189447.45
  2000        70-74           578449.98       428028.46      1006478.44
  2000        75-79           426516.18       276646.47       703162.65
  2000        80-84           268192.30       145048.20       413240.50
  2000        85-89           160274.79        70720.94       230995.73
  2000        90-94            54340.01        19899.03        74239.04
  2000        95-99            11019.49         3411.47        14430.96
  2000       100-104            1056.98          316.55         1373.53
  2000       105-109              49.94           15.20           65.14
  2000       110+                  0.26            0.00            0.26
  2001           0            334626.11       349860.78       684486.89
  2001         1-4           1349489.13      1400126.48      2749615.61
  2001         5-9           1700203.53      1759431.77      3459635.30
  2001        10-14          1664692.06      1718478.30      3383170.36
  2001        15-19          1611318.05      1653304.68      3264622.73
  2001        20-24          1633469.36      1658131.67      3291601.03
  2001        25-29          1399906.55      1411245.71      2811152.26
  2001        30-34          1222794.04      1224686.86      2447480.90
  2001        35-39          1157818.71      1141006.49      2298825.20
  2001        40-44          1112825.52      1056475.08      2169300.60
  2001        45-49          1047027.67       992517.05      2039544.72
  2001        50-54           934412.05       878261.19      1812673.24
  2001        55-59           809419.44       747976.83      1557396.27
  2001        60-64           719187.56       629167.88      1348355.44
  2001        65-69           658876.75       534429.98      1193306.73
  2001        70-74           584760.98       431992.33      1016753.31
  2001        75-79           446815.93       287832.06       734647.99
  2001        80-84           272845.76       149327.68       422173.44
  2001        85-89           164591.53        71894.84       236486.37
  2001        90-94            58771.76        20953.85        79725.61
  2001        95-99            11792.69         3589.81        15382.50
  2001       100-104            1182.86          299.05         1481.91
  2001       105-109              51.35           10.03           61.38
  2001       110+                  0.00            0.00            0.00
  2002           0            327829.00       346011.00       673840.00
  2002         1-4           1342877.64      1396292.49      2739170.13
  2002         5-9           1700480.99      1760075.72      3460556.71
  2002        10-14          1677071.70      1732325.60      3409397.30
  2002        15-19          1608912.72      1652852.34      3261765.06
  2002        20-24          1649463.68      1675640.45      3325104.13
  2002        25-29          1447291.81      1459359.23      2906651.04
  2002        30-34          1247393.95      1250012.59      2497406.54
  2002        35-39          1165721.37      1154278.80      2320000.17
  2002        40-44          1120285.02      1067256.36      2187541.38
  2002        45-49          1061082.67      1003708.38      2064791.05
  2002        50-54           955238.35       895888.97      1851127.32
  2002        55-59           827273.55       763849.00      1591122.55
  2002        60-64           727484.91       637972.63      1365457.54
  2002        65-69           661634.27       536829.13      1198463.40
  2002        70-74           589838.56       434546.00      1024384.56
  2002        75-79           464086.65       299257.60       763344.25
  2002        80-84           278205.91       153725.23       431931.14
  2002        85-89           165809.92        71519.64       237329.56
  2002        90-94            62610.25        22136.52        84746.77
  2002        95-99            12500.74         3699.60        16200.34
  2002       100-104            1276.95          320.98         1597.93
  2002       105-109              57.56           11.02           68.58
  2002       110+                  0.00            0.00            0.00
  2003           0            333009.00       351490.00       684499.00
  2003         1-4           1330048.18      1388924.79      2718972.97
  2003         5-9           1699440.53      1759560.07      3459000.60
  2003        10-14          1686507.86      1742923.82      3429431.68
  2003        15-19          1615161.96      1660945.96      3276107.92
  2003        20-24          1649158.45      1677051.91      3326210.36
  2003        25-29          1498712.66      1511632.55      3010345.21
  2003        30-34          1277192.52      1280359.06      2557551.58
  2003        35-39          1174257.79      1166493.49      2340751.28
  2003        40-44          1127476.62      1080452.23      2207928.85
  2003        45-49          1073282.00      1012523.13      2085805.13
  2003        50-54           975398.85       913143.36      1888542.21
  2003        55-59           846708.14       780139.13      1626847.27
  2003        60-64           737464.41       648221.10      1385685.51
  2003        65-69           664677.30       539787.23      1204464.53
  2003        70-74           593691.96       435882.95      1029574.91
  2003        75-79           478203.28       308987.87       787191.15
  2003        80-84           283992.73       158118.35       442111.08
  2003        85-89           165487.41        70977.60       236465.01
  2003        90-94            66498.98        23294.16        89793.14
  2003        95-99            13667.95         3886.37        17554.32
  2003       100-104            1401.12          346.53         1747.65
  2003       105-109              63.27           13.23           76.50
  2003       110+                  0.29            0.00            0.29
  2004           0            334662.00       353327.00       687989.00
  2004         1-4           1325340.17      1389854.94      2715195.11
  2004         5-9           1695049.24      1755826.99      3450876.23
  2004        10-14          1692919.99      1750259.60      3443179.59
  2004        15-19          1628941.69      1676685.02      3305626.71
  2004        20-24          1635715.46      1665851.07      3301566.53
  2004        25-29          1551248.85      1565324.90      3116573.75
  2004        30-34          1311869.14      1315639.66      2627508.80
  2004        35-39          1184327.82      1178539.26      2362867.08
  2004        40-44          1134575.15      1095764.27      2230339.42
  2004        45-49          1083436.89      1019589.20      2103026.09
  2004        50-54           994583.28       930144.27      1924727.55
  2004        55-59           867258.79       797015.94      1664274.73
  2004        60-64           749331.17       660139.80      1409470.97
  2004        65-69           668178.26       543220.86      1211399.12
  2004        70-74           596498.91       436769.03      1033267.94
  2004        75-79           488611.74       315330.08       803941.82
  2004        80-84           287000.13       159883.74       446883.87
  2004        85-89           163767.55        70195.54       233963.09
  2004        90-94            69266.06        23732.46        92998.52
  2004        95-99            14243.03         3992.99        18236.02
  2004       100-104            1494.78          364.38         1859.16
  2004       105-109              63.26           14.15           77.41
  2004       110+                  0.28            0.00            0.28
  2005           0            353656.00       373455.00       727111.00
  2005         1-4           1325302.11      1394998.78      2720300.89
  2005         5-9           1687366.96      1749374.71      3436741.67
  2005        10-14          1696739.73      1754776.03      3451515.76
  2005        15-19          1646378.19      1695917.91      3342296.10
  2005        20-24          1618699.56      1651244.16      3269943.72
  2005        25-29          1597147.94      1612619.41      3209767.35
  2005        30-34          1351294.40      1355834.55      2707128.95
  2005        35-39          1197882.16      1193268.49      2391150.65
  2005        40-44          1141807.42      1111706.14      2253513.56
  2005        45-49          1092342.99      1026765.27      2119108.26
  2005        50-54          1012615.20       946169.99      1958785.19
  2005        55-59           888486.63       814692.24      1703178.87
  2005        60-64           763001.98       674008.41      1437010.39
  2005        65-69           672859.41       548438.52      1221297.93
  2005        70-74           599549.43       438907.79      1038457.22
  2005        75-79           497033.79       320233.54       817267.33
  2005        80-84           303135.94       167953.84       471089.78
  2005        85-89           164032.30        70997.20       235029.50
  2005        90-94            71741.79        24138.94        95880.73
  2005        95-99            15157.01         4148.03        19305.04
  2005       100-104            1641.24          374.02         2015.26
  2005       105-109              72.13           14.18           86.31
  2005       110+                  0.32            0.00            0.32
  2006           0            342465.00       361517.00       703982.00
  2006         1-4           1344528.00      1418917.00      2763445.00
  2006         5-9           1680473.24      1745330.26      3425803.50
  2006        10-14          1698347.53      1756877.77      3455225.30
  2006        15-19          1661924.06      1713091.30      3375015.36
  2006        20-24          1607555.05      1642414.68      3249969.73
  2006        25-29          1629240.36      1646235.67      3275476.03
  2006        30-34          1394976.55      1400369.71      2795346.26
  2006        35-39          1216778.04      1213138.86      2429916.90
  2006        40-44          1149306.71      1126693.49      2276000.20
  2006        45-49          1100392.52      1035555.08      2135947.60
  2006        50-54          1028936.67       960208.05      1989144.72
  2006        55-59           909646.05       832495.19      1742141.24
  2006        60-64           778580.44       688593.83      1467174.27
  2006        65-69           679233.56       555229.88      1234463.44
  2006        70-74           602881.75       441878.98      1044760.73
  2006        75-79           503204.98       323710.33       826915.31
  2006        80-84           320468.18       176683.82       497152.00
  2006        85-89           166084.76        72595.68       238680.44
  2006        90-94            73152.53        24420.84        97573.37
  2006        95-99            16189.76         4350.85        20540.61
  2006       100-104            1733.48          395.29         2128.77
  2006       105-109              85.07           16.58          101.65
  2006       110+                  0.34            0.00            0.34
  2007           0            334950.00       353701.00       688651.00
  2007         1-4           1359404.00      1434701.00      2794105.00
  2007         5-9           1667025.64      1737651.49      3404677.13
  2007        10-14          1698629.99      1757516.72      3456146.71
  2007        15-19          1674293.70      1726964.60      3401258.30
  2007        20-24          1605245.72      1642342.34      3247588.06
  2007        25-29          1645198.68      1663986.45      3309185.13
  2007        30-34          1442420.81      1448687.23      2891108.04
  2007        35-39          1241266.95      1238412.59      2479679.54
  2007        40-44          1157385.37      1140350.80      2297736.17
  2007        45-49          1108019.02      1046738.36      2154757.38
  2007        50-54          1043208.67       971876.38      2015085.05
  2007        55-59           930221.35       849969.97      1780191.32
  2007        60-64           795518.55       704049.00      1499567.55
  2007        65-69           687439.91       564271.63      1251711.54
  2007        70-74           606622.27       446321.13      1052943.40
  2007        75-79           508549.56       326027.00       834576.56
  2007        80-84           339881.10       186567.48       526448.58
  2007        85-89           168736.91        74538.23       243275.14
  2007        90-94            73283.92        24397.64        97681.56
  2007        95-99            17441.25         4686.52        22127.77
  2007       100-104            1888.65          414.58         2303.23
  2007       105-109              95.87           18.00          113.87
  2007       110+                  0.75            0.00            0.75
  2008           0            336914.00       355768.00       692682.00
  2008         1-4           1361485.00      1437057.00      2798542.00
  2008         5-9           1659466.18      1736013.79      3395479.97
  2008        10-14          1697578.53      1756973.07      3454551.60
  2008        15-19          1683698.86      1737453.82      3421152.68
  2008        20-24          1611478.96      1650635.96      3262114.92
  2008        25-29          1644849.45      1665614.91      3310464.36
  2008        30-34          1493804.66      1500981.55      2994786.21
  2008        35-39          1271004.52      1268774.06      2539778.58
  2008        40-44          1165981.79      1152623.49      2318605.28
  2008        45-49          1115291.62      1060303.23      2175594.85
  2008        50-54          1055192.00       980683.13      2035875.13
  2008        55-59           950068.85       867016.36      1817085.21
  2008        60-64           814073.14       719192.13      1533265.27
  2008        65-69           696558.41       573675.10      1270233.51
  2008        70-74           609651.30       450152.23      1059803.53
  2008        75-79           511621.96       327128.95       838750.91
  2008        80-84           358791.65       195479.14       554270.79
  2008        85-89           168614.73        74182.35       242797.08
  2008        90-94            71104.41        23355.60        94460.01
  2008        95-99            18025.98         4896.16        22922.14
  2008       100-104            1961.62          407.86         2369.48
  2008       105-109             100.35           17.25          117.60
  2008       110+                  0.67            0.00            0.67
  2009           0            359073.00       379302.00       738375.00
  2009         1-4           1363841.00      1439575.00      2803416.00
  2009         5-9           1656577.17      1739063.94      3395641.11
  2009        10-14          1693196.24      1753249.99      3446446.23
  2009        15-19          1689979.99      1744569.60      3434549.59
  2009        20-24          1625201.69      1666038.02      3291239.71
  2009        25-29          1631458.46      1654347.07      3285805.53
  2009        30-34          1546285.85      1554247.90      3100533.75
  2009        35-39          1305718.14      1304168.66      2609886.80
  2009        40-44          1176180.82      1164527.26      2340708.08
  2009        45-49          1122447.15      1075790.27      2198237.42
  2009        50-54          1065419.89       987961.20      2053381.09
  2009        55-59           969271.28       884077.27      1853348.55
  2009        60-64           834345.79       735841.94      1570187.73
  2009        65-69           707719.17       585484.80      1293203.97
  2009        70-74           613442.26       454898.86      1068341.12
  2009        75-79           516592.91       330271.03       846863.94
  2009        80-84           381180.74       206998.08       588178.82
  2009        85-89           168346.13        73596.74       241942.87
  2009        90-94            70221.55        23101.54        93323.09
  2009        95-99            18910.06         5093.46        24003.52
  2009       100-104            2154.43          452.63         2607.06
  2009       105-109             116.00           19.88          135.88
  2009       110+                  0.94            0.00            0.94
  2010           0            358690.00       378794.00       737484.00
  2010         1-4           1369310.00      1445520.00      2814830.00
  2010         5-9           1675609.11      1764494.78      3440103.89
  2010        10-14          1685504.96      1746784.71      3432289.67
  2010        15-19          1693655.73      1748961.03      3442616.76
  2010        20-24          1642486.19      1684866.91      3327353.10
  2010        25-29          1614334.56      1639615.16      3253949.72
  2010        30-34          1591928.94      1600977.41      3192906.35
  2010        35-39          1344898.40      1344142.55      2689040.95
  2010        40-44          1189555.16      1178994.49      2368549.65
  2010        45-49          1129687.42      1091754.14      2221441.56
  2010        50-54          1074159.99       995237.27      2069397.26
  2010        55-59           987245.20       900124.99      1887370.19
  2010        60-64           854849.63       753133.24      1607982.87
  2010        65-69           720844.98       598729.41      1319574.39
  2010        70-74           617862.41       460103.52      1077965.93
  2010        75-79           521534.43       334398.79       855933.22
  2010        80-84           389280.79       211491.54       600772.33
  2010        85-89           181998.94        79048.84       261047.78
  2010        90-94            69975.30        23088.20        93063.50
  2010        95-99            19633.79         5034.94        24668.73
  2010       100-104            2393.48          507.78         2901.26
  2010       105-109             140.32           26.43          166.75
  2010       110+                  1.92            0.00            1.92
  2011           0            363958.00       384418.00       748376.00
  2011         1-4           1385643.00      1462871.00      2848514.00
  2011         5-9           1683725.00      1776481.00      3460206.00
  2011        10-14          1678584.24      1742872.26      3421456.50
  2011        15-19          1695251.53      1751051.77      3446303.30
  2011        20-24          1657930.06      1701657.30      3359587.36
  2011        25-29          1603135.05      1630614.68      3233749.73
  2011        30-34          1623808.36      1634157.67      3257966.03
  2011        35-39          1388384.55      1388410.71      2776795.26
  2011        40-44          1208271.04      1198594.86      2406865.90
  2011        45-49          1137207.71      1106851.49      2244059.20
  2011        50-54          1082217.52      1004551.08      2086768.60
  2011        55-59          1003351.67       914342.05      1917693.72
  2011        60-64           875277.05       770018.19      1645295.24
  2011        65-69           735334.44       612254.83      1347589.27
  2011        70-74           623352.56       465986.88      1089339.44
  2011        75-79           525447.75       338678.98       864126.73
  2011        80-84           393731.98       213336.33       607068.31
  2011        85-89           194952.18        84749.82       279702.00
  2011        90-94            67884.76        22202.68        90087.44
  2011        95-99            18889.53         4755.84        23645.37
  2011       100-104            2451.79          490.53         2942.32
  2011       105-109             147.17           25.19          172.36
  2011       110+                  2.71            0.00            2.71
  2012           0            364842.00       385458.00       750300.00
  2012         1-4           1414773.00      1493685.00      2908458.00
  2012         5-9           1691111.00      1784489.00      3475600.00
  2012        10-14          1665196.64      1735246.49      3400443.13
  2012        15-19          1695572.99      1751668.72      3447241.71
  2012        20-24          1670243.70      1715047.60      3385291.30
  2012        25-29          1600826.72      1630297.34      3231124.06
  2012        30-34          1639626.68      1651583.45      3291210.13
  2012        35-39          1435701.81      1436486.23      2872188.04
  2012        40-44          1232554.95      1223680.59      2456235.54
  2012        45-49          1145232.37      1120473.80      2265706.17
  2012        50-54          1089878.02      1016323.36      2106201.38
  2012        55-59          1017379.67       926055.38      1943435.05
  2012        60-64           895058.35       787136.97      1682195.32
  2012        65-69           751076.55       626352.00      1377428.55
  2012        70-74           630766.91       473789.63      1104556.54
  2012        75-79           529821.27       344350.13       874171.40
  2012        80-84           397696.56       214269.00       611965.56
  2012        85-89           210451.10        92255.48       302706.58
  2012        90-94            65068.91        20595.23        85664.14
  2012        95-99            17666.92         4349.64        22016.56
  2012       100-104            2456.64          481.12         2937.76
  2012       105-109             150.98           23.98          174.96
  2012       110+                  2.92            0.00            2.92
  2013           0            355505.00       375629.00       731134.00
  2013         1-4           1442794.00      1523500.00      2966294.00
  2013         5-9           1695279.00      1789034.00      3484313.00
  2013        10-14          1657739.18      1733634.79      3391373.97
  2013        15-19          1694526.53      1751080.07      3445606.60
  2013        20-24          1679495.86      1725066.82      3404562.68
  2013        25-29          1607105.96      1638367.96      3245473.92
  2013        30-34          1639237.45      1652983.91      3292221.36
  2013        35-39          1486914.66      1488419.55      2975334.21
  2013        40-44          1262159.52      1253931.06      2516090.58
  2013        45-49          1153869.79      1132932.49      2286802.28
  2013        50-54          1097186.62      1030472.23      2127658.85
  2013        55-59          1029260.00       934999.13      1964259.13
  2013        60-64           914617.85       804132.36      1718750.21
  2013        65-69           768554.14       640627.13      1409181.27
  2013        70-74           639468.41       482811.10      1122279.51
  2013        75-79           534201.30       350040.23       884241.53
  2013        80-84           402221.96       216207.95       618429.91
  2013        85-89           228969.65       100490.14       329459.79
  2013        90-94            61454.73        17986.35        79441.08
  2013        95-99            15964.41         3628.60        19593.01
  2013       100-104            2416.52          452.70         2869.22
  2013       105-109             152.58           22.59          175.17
  2013       110+                  2.53            0.00            2.53
  2014           0            363457.00       384058.00       747515.00
  2014         1-4           1439310.00      1519907.00      2959217.00
  2014         5-9           1719911.00      1815146.00      3535057.00
  2014        10-14          1654914.17      1736817.94      3391732.11
  2014        15-19          1690142.24      1747139.99      3437282.23
  2014        20-24          1685713.99      1731780.60      3417494.59
  2014        25-29          1620802.69      1653540.02      3274342.71
  2014        30-34          1625896.46      1641860.07      3267756.53
  2014        35-39          1539152.85      1541227.90      3080380.75
  2014        40-44          1296657.14      1289132.66      2585789.80
  2014        45-49          1164018.82      1144788.26      2308807.08
  2014        50-54          1104363.15      1046149.27      2150512.42
  2014        55-59          1039340.89       942987.20      1982328.09
  2014        60-64           933348.28       820500.27      1753848.55
  2014        65-69           787401.79       655826.94      1443228.73
  2014        70-74           649529.17       493376.80      1142905.97
  2014        75-79           537096.26       354343.86       891440.12
  2014        80-84           407788.91       219696.03       627484.94
  2014        85-89           248826.74       109783.08       358609.82
  2014        90-94            54889.13        13786.74        68675.87
  2014        95-99            13737.55         2651.54        16389.09
  2014       100-104            2069.35          318.45         2387.80
  2014       105-109             128.07           14.53          142.60
  2014       110+                  0.00            0.00            0.00
